399.647766616,28.903076466
400.362700009,29.953022229
401.077633402,30.614669167
401.792566795,29.202688883
402.507500187,26.436977272
403.222433580,26.175070004
403.937366973,27.630692271
404.652300366,28.087124499
405.367233759,28.243068063
406.082167152,27.985500833
406.797100545,26.791551715
407.512033938,27.264309934
408.226967330,28.883183630
408.941900723,28.903591598
409.656834116,28.279343369
410.371767509,27.736697695
411.086700902,27.310253882
411.801634295,27.421298659
412.516567688,27.438372316
413.231501081,27.335691096
413.946434473,27.313811621
414.661367866,27.709708751
415.376301259,28.040424360
416.091234652,27.442269349
416.806168045,26.914735619
417.521101438,27.490172777
418.236034831,27.646175098
418.950968224,27.033686486
419.665901616,26.737382920
420.380835009,26.444987221
421.095768402,27.139712459
421.810701795,27.413080241
422.525635188,26.262016005
423.240568581,26.189089782
423.955501974,27.378148924
424.670435367,27.576795547
425.385368759,27.143652180
426.100302152,27.013509213
426.815235545,27.140583807
427.530168938,27.364092943
428.245102331,27.346350772
428.960035724,27.233696081
429.674969117,27.345818599
430.389902510,27.626663223
431.104835902,28.052257942
431.819769295,29.034601125
432.534702688,29.377741441
433.249636081,28.737435250
433.964569474,28.222162860
434.679502867,28.109956150
435.394436260,27.926735326
436.109369653,28.030447544
436.824303045,28.375741889
437.539236438,28.657766097
438.254169831,28.995408735
438.969103224,28.928064714
439.684036617,28.427524824
440.398970010,28.347046354
441.113903403,28.395411291
441.828836796,28.056867299
442.543770188,27.781808446
443.258703581,27.877078027
443.973636974,28.205716925
444.688570367,28.306858253
445.403503760,28.285104854
446.118437153,28.114515547
446.833370546,27.888484005
447.548303938,28.148418908
448.263237331,28.336433314
448.978170724,28.166212216
449.693104117,28.484666742
450.408037510,28.747862378
451.122970903,28.639938514
451.837904296,29.118184752
452.552837689,29.611420467
453.267771081,29.518834988
453.982704474,29.437236846
454.697637867,29.130099914
455.412571260,28.921004733
456.127504653,29.526696303
456.842438046,29.840756496
457.557371439,29.469835587
458.272304832,28.825039854
458.987238224,28.344193341
459.702171617,28.085273187
460.417105010,28.626543361
461.132038403,29.811358189
461.846971796,29.932243455
462.561905189,29.365096245
463.276838582,29.094730974
463.991771975,28.774330684
464.706705367,28.738494711
465.421638760,29.409392410
466.136572153,29.503442183
466.851505546,29.059493658
467.566438939,29.065326192
468.281372332,29.610680048
468.996305725,29.933758307
469.711239118,29.626461128
470.426172510,29.321295626
471.141105903,29.245710901
471.856039296,28.874205494
472.570972689,28.726315047
473.285906082,29.521687535
474.000839475,29.645026679
474.715772868,29.448010326
475.430706261,29.805160792
476.145639653,29.599794511
476.860573046,29.237951414
477.575506439,29.589350569
478.290439832,29.851869821
479.005373225,29.961337892
479.720306618,30.046293905
480.435240011,29.764735344
481.150173404,29.476385955
481.865106796,29.602668362
482.580040189,29.880617051
483.294973582,29.993899417
484.009906975,30.243861317
484.724840368,30.115931544
485.439773761,29.187627869
486.154707154,28.816145101
486.869640547,29.268465110
487.584573939,29.555503431
488.299507332,29.756733479
489.014440725,29.790714145
489.729374118,29.392019096
490.444307511,29.684126845
491.159240904,30.197473886
491.874174297,30.153218579
492.589107689,30.271240419
493.304041082,30.555824068
494.018974475,30.557885629
494.733907868,30.588715424
495.448841261,30.609548316
496.163774654,30.464347656
496.878708047,30.244779087
497.593641440,30.204444842
498.308574832,30.637598462
499.023508225,30.940725675
499.738441618,30.657471143
500.453375011,30.341364643
501.168308404,30.284496986
501.883241797,30.518677686
502.598175190,30.720992342
503.313108583,30.819992957
504.028041975,31.008408566
504.742975368,30.938803127
505.457908761,30.548029374
506.172842154,30.311212124
506.887775547,30.355562457
507.602708940,30.280205344
508.317642333,30.114179061
509.032575726,30.206752035
509.747509118,30.557104746
510.462442511,30.544001027
511.177375904,30.355665252
511.892309297,30.454916997
512.607242690,30.517338311
513.322176083,30.560012901
514.037109476,30.673413530
514.752042869,30.456904607
515.466976261,30.262218457
516.181909654,30.525400581
516.896843047,30.734509642
517.611776440,30.709903898
518.326709833,30.640752811
519.041643226,30.489446556
519.756576619,30.497837739
520.471510012,30.680818204
521.186443404,30.769766274
521.901376797,30.773089424
522.616310190,30.775278708
523.331243583,30.937976208
524.046176976,31.017995009
524.761110369,30.650905734
525.476043762,30.336038848
526.190977155,30.401948261
526.905910547,30.495140661
527.620843940,30.642635706
528.335777333,30.682190521
529.050710726,30.577035457
529.765644119,30.607464942
530.480577512,30.766634324
531.195510905,30.771566821
531.910444298,30.693255781
532.625377690,30.739829791
533.340311083,30.880976582
534.055244476,30.995162212
534.770177869,30.967705239
535.485111262,30.953247222
536.200044655,30.996669534
536.914978048,31.002813714
537.629911440,30.923434200
538.344844833,30.929057431
539.059778226,31.335228630
539.774711619,31.695588469
540.489645012,31.702160580
541.204578405,31.613129686
541.919511798,31.824631389
542.634445191,31.982882821
543.349378583,32.076712539
544.064311976,32.287206926
544.779245369,32.534854152
545.494178762,32.617538383
546.209112155,32.671157830
546.924045548,32.572128278
547.638978941,32.466504108
548.353912334,32.525013529
549.068845726,32.749021051
549.783779119,32.828055896
550.498712512,32.657178478
551.213645905,32.379726889
551.928579298,32.411235918
552.643512691,32.631895498
553.358446084,32.711161122
554.073379477,32.650561186
554.788312869,32.595337695
555.503246262,32.655278077
556.218179655,32.721338905
556.933113048,32.705719158
557.648046441,32.723890881
558.362979834,32.786631103
559.077913227,32.819110959
559.792846620,32.903608376
560.507780012,33.100585069
561.222713405,33.333215716
561.937646798,33.592029028
562.652580191,33.587726564
563.367513584,33.317202742
564.082446977,33.129337784
564.797380370,33.114294387
565.512313763,33.270905444
566.227247155,33.491389957
566.942180548,33.609032791
567.657113941,33.611317062
568.372047334,33.439622906
569.086980727,33.289951234
569.801914120,33.487410053
570.516847513,33.656959527
571.231780906,33.524649342
571.946714298,33.470841993
572.661647691,33.529854295
573.376581084,33.646535974
574.091514477,33.878374663
574.806447870,33.972651565
575.521381263,33.818648193
576.236314656,33.712030710
576.951248048,33.680052485
577.666181441,33.672526349
578.381114834,33.847127541
579.096048227,33.909425799
579.810981620,33.745909078
580.525915013,33.740568190
581.240848406,33.805018351
581.955781799,33.783061580
582.670715191,33.930158910
583.385648584,34.184591377
584.100581977,34.112140210
584.815515370,33.969415622
585.530448763,33.962082633
586.245382156,34.032641707
586.960315549,34.087347860
587.675248942,34.176355110
588.390182334,34.354453197
589.105115727,34.413824368
589.820049120,34.313755683
590.534982513,34.434436373
591.249915906,34.635259788
591.964849299,34.961215547
592.679782692,35.197901353
593.394716085,35.156451270
594.109649477,34.876803330
594.824582870,34.855699956
595.539516263,35.129462008
596.254449656,35.176394121
596.969383049,35.034998319
597.684316442,35.153421571
598.399249835,35.404220104
599.114183228,35.635890492
599.829116620,35.688586973
600.544050013,35.823315466
601.258983406,35.887559953
601.973916799,35.781808409
602.688850192,35.709079666
603.403783585,35.799611475
604.118716978,35.954618787
604.833650371,35.969197626
605.548583763,36.021607073
606.263517156,35.954032564
606.978450549,35.796724875
607.693383942,35.804520085
608.408317335,35.971859035
609.123250728,36.018252433
609.838184121,36.052555695
610.553117514,36.071610830
611.268050906,36.083113551
611.982984299,36.161772935
612.697917692,36.186046188
613.412851085,36.175128719
614.127784478,36.219377988
614.842717871,36.227711112
615.557651264,36.209047212
616.272584657,36.249462782
616.987518049,36.349256340
617.702451442,36.439491305
618.417384835,36.450241194
619.132318228,36.457518250
619.847251621,36.522661456
620.562185014,36.595824460
621.277118407,36.707350677
621.992051799,36.715096382
622.706985192,36.582604973
623.421918585,36.633939132
624.136851978,36.841532990
624.851785371,36.892390952
625.566718764,37.020495288
626.281652157,37.328518496
626.996585550,37.524363436
627.711518942,37.511291588
628.426452335,37.408355164
629.141385728,37.401342447
629.856319121,37.546459508
630.571252514,37.727641514
631.286185907,37.788410884
632.001119300,37.654828842
632.716052693,37.540555887
633.430986085,37.702941895
634.145919478,38.031929974
634.860852871,38.314512248
635.575786264,38.486286415
636.290719657,38.583280302
637.005653050,38.702907602
637.720586443,38.827448919
638.435519836,38.919101538
639.150453228,39.083032101
639.865386621,39.224848516
640.580320014,39.385582347
641.295253407,39.436591385
642.010186800,39.441664212
642.725120193,39.478390541
643.440053586,39.618445696
644.154986979,39.788468293
644.869920371,39.863111325
645.584853764,39.882072738
646.299787157,39.991862031
647.014720550,40.150322119
647.729653943,40.211443194
648.444587336,40.288473655
649.159520729,40.633130108
649.874454122,40.892364822
650.589387514,40.939220501
651.304320907,40.865137968
652.019254300,41.027032114
652.734187693,41.060153532
653.449121086,41.048728131
654.164054479,41.187797501
654.878987872,41.183568754
655.593921265,41.077799261
656.308854657,41.063369980
657.023788050,41.129587063
657.738721443,41.161403198
658.453654836,41.210097199
659.168588229,41.180297296
659.883521622,41.197064946
660.598455015,41.339983382
661.313388408,41.421931025
662.028321800,41.458727266
662.743255193,41.663631950
663.458188586,41.899596366
664.173121979,41.996277117
664.888055372,42.107072357
665.602988765,42.223128298
666.317922158,42.399205234
667.032855550,42.773827115
667.747788943,43.033400628
668.462722336,42.893152093
669.177655729,42.795935316
669.892589122,42.846116176
670.607522515,42.783067187
671.322455908,42.738134931
672.037389301,42.897687231
672.752322693,43.102244316
673.467256086,43.269179724
674.182189479,43.254568722
674.897122872,43.438874633
675.612056265,43.656489573
676.326989658,43.639923815
677.041923051,43.519055378
677.756856444,43.488696941
678.471789836,43.548544204
679.186723229,43.805439830
679.901656622,43.998568406
680.616590015,44.157421845
681.331523408,44.245634536
682.046456801,44.309317317
682.761390194,44.394445761
683.476323587,44.531601684
684.191256979,44.588370381
684.906190372,44.631147875
685.621123765,44.775906868
686.336057158,44.835146855
687.050990551,44.888168900
687.765923944,44.915398298
688.480857337,44.950021052
689.195790730,45.104923345
689.910724122,45.141214972
690.625657515,45.132262571
691.340590908,45.242714914
692.055524301,45.403741859
692.770457694,45.536718835
693.485391087,45.634603929
694.200324480,45.705971625
694.915257873,45.813069679
695.630191265,45.966241981
696.345124658,46.146322901
697.060058051,46.386804661
697.774991444,46.478924082
698.489924837,46.431377481
699.204858230,46.539591470
699.919791623,46.648592160
700.634725016,46.629924941
701.349658408,46.676276789
702.064591801,46.784261011
702.779525194,46.904292516
703.494458587,47.059687963
704.209391980,47.116957559
704.924325373,47.197990019
705.639258766,47.448233476
706.354192159,47.766045966
707.069125551,47.857913409
707.784058944,47.753992840
708.498992337,47.792722879
709.213925730,47.921099885
709.928859123,47.986177510
710.643792516,48.108741322
711.358725909,48.213342872
712.073659301,48.277583370
712.788592694,48.389408779
713.503526087,48.577856840
714.218459480,48.694617335
714.933392873,48.709670640
715.648326266,48.703769457
716.363259659,48.743437317
717.078193052,48.834131814
717.793126444,48.910397926
718.508059837,48.982374324
719.222993230,49.185876579
719.937926623,49.443768286
720.652860016,49.552454520
721.367793409,49.587823442
722.082726802,49.680573979
722.797660195,49.783655229
723.512593587,49.859130146
724.227526980,49.979955381
724.942460373,49.993279043
725.657393766,50.022931819
726.372327159,50.157002594
727.087260552,50.333973895
727.802193945,50.493774099
728.517127338,50.592961590
729.232060730,50.671458854
729.946994123,50.759302996
730.661927516,50.812549328
731.376860909,50.861921470
732.091794302,50.954756748
732.806727695,51.091700457
733.521661088,51.276931072
734.236594481,51.443312576
734.951527873,51.448307132
735.666461266,51.318053100
736.381394659,51.310768201
737.096328052,51.479074740
737.811261445,51.658314491
738.526194838,51.786820285
739.241128231,51.784717721
739.956061624,51.680683757
740.670995016,51.771715096
741.385928409,51.949638076
742.100861802,51.924041829
742.815795195,51.858634677
743.530728588,51.861888018
744.245661981,51.937413190
744.960595374,52.093736565
745.675528767,52.463552867
746.390462159,52.814118434
747.105395552,53.207564721
747.820328945,53.410785328
748.535262338,53.543907838
749.250195731,53.722069285
749.965129124,53.751022751
750.680062517,53.846809375
751.394995910,54.065158481
752.109929302,54.135067328
752.824862695,54.090801828
753.539796088,54.141096632
754.254729481,54.205394679
754.969662874,54.304217778
755.684596267,54.300618300
756.399529660,54.195529004
757.114463052,54.137280305
757.829396445,54.231071652
758.544329838,54.434696239
759.259263231,54.411904398
759.974196624,54.324854499
760.689130017,54.328547665
761.404063410,54.399096145
762.118996803,54.611150744
762.833930195,54.659553647
763.548863588,54.734104027
764.263796981,54.889254163
764.978730374,55.114433471
765.693663767,55.214344622
766.408597160,55.301292619
767.123530553,55.398433288
767.838463946,55.417740277
768.553397338,55.678486041
769.268330731,55.864978879
769.983264124,56.205506099
770.698197517,56.534864979
771.413130910,56.750163187
772.128064303,57.234460691
772.842997696,57.466984929
773.557931089,57.499951484
774.272864481,57.658681368
774.987797874,57.929102692
775.702731267,58.049797833
776.417664660,58.142893284
777.132598053,58.265712471
777.847531446,58.478061614
778.562464839,58.813292408
779.277398232,58.850024863
779.992331624,58.861504861
780.707265017,58.929782755
781.422198410,59.081162421
782.137131803,59.169169884
782.852065196,59.361413387
783.566998589,59.513758314
784.281931982,59.667216301
784.996865375,59.774957803
785.711798767,59.912305716
786.426732160,60.103436013
787.141665553,60.182623835
787.856598946,60.340408557
788.571532339,60.374903338
789.286465732,60.501027425
790.001399125,60.739461094
790.716332518,60.820289267
791.431265910,60.963311178
792.146199303,61.047590752
792.861132696,61.132030401
793.576066089,61.151749277
794.290999482,61.119420623
795.005932875,61.118069231
795.720866268,61.260202856
796.435799661,61.367603704
797.150733053,61.515390257
797.865666446,61.580415658
798.580599839,61.768800964
799.295533232,61.876853083
800.010466625,62.028316919
800.725400018,62.086186520
801.440333411,62.195934187
802.155266803,62.191565195
802.870200196,62.191867640
803.585133589,62.281646100
804.300066982,62.484182468
805.015000375,62.487618673
805.729933768,62.403256853
806.444867161,62.433282691
807.159800554,62.672259233
807.874733946,62.779894492
808.589667339,63.010376167
809.304600732,63.113412855
810.019534125,63.147859631
810.734467518,63.166924435
811.449400911,63.299778175
812.164334304,63.611739229
812.879267697,63.647042289
813.594201089,63.408117984
814.309134482,63.222217151
815.024067875,63.025398394
815.739001268,62.832166988
816.453934661,62.984377328
817.168868054,63.751315319
817.883801447,64.169830526
818.598734840,64.489026796
819.313668232,64.839293585
820.028601625,64.973758416
820.743535018,65.285316436
821.458468411,65.313034199
822.173401804,65.328638553
822.888335197,65.510342932
823.603268590,65.579321235
824.318201983,65.601502664
825.033135375,65.742855844
825.748068768,65.845430662
826.463002161,65.930832654
827.177935554,66.010241644
827.892868947,66.000604046
828.607802340,65.991139359
829.322735733,66.108166521
830.037669126,66.183556629
830.752602518,66.144409435
831.467535911,65.989824369
832.182469304,65.999084305
832.897402697,66.097906874
833.612336090,66.322965526
834.327269483,66.429626522
835.042202876,66.689671266
835.757136269,67.308711740
836.472069661,67.542972236
837.187003054,67.717031500
837.901936447,67.899536205
838.616869840,68.125138818
839.331803233,68.213829182
840.046736626,68.386819457
840.761670019,68.645930515
841.476603412,69.015468718
842.191536804,69.108849843
842.906470197,69.203923024
843.621403590,69.372450064
844.336336983,69.405664633
845.051270376,69.356014446
845.766203769,69.345954657
846.481137162,69.289378348
847.196070554,69.312969561
847.911003947,69.421081498
848.625937340,69.569609367
849.340870733,69.837895527
850.055804126,70.305942597
850.770737519,70.515239897
851.485670912,70.643392759
852.200604305,70.799829940
852.915537697,71.038055330
853.630471090,71.254069977
854.345404483,71.386289786
855.060337876,71.538367464
855.775271269,71.634021511
856.490204662,71.694126753
857.205138055,71.779740072
857.920071448,71.995564204
858.635004840,72.134874793
859.349938233,72.245824950
860.064871626,72.253429930
860.779805019,72.217832672
861.494738412,72.275649751
862.209671805,72.519967761
862.924605198,72.665836589
863.639538591,72.882629798
864.354471983,73.043120390
865.069405376,73.097561888
865.784338769,73.141102873
866.499272162,73.234601144
867.214205555,73.439060975
867.929138948,73.614829142
868.644072341,73.813738062
869.359005734,73.875485690
870.073939126,73.813927938
870.788872519,73.817935310
871.503805912,73.934494726
872.218739305,74.006210329
872.933672698,73.979686689
873.648606091,73.958549665
874.363539484,74.050668569
875.078472877,74.122700576
875.793406269,74.151306905
876.508339662,74.243080583
877.223273055,74.335179820
877.938206448,74.347394245
878.653139841,74.321280184
879.368073234,74.296908773
880.083006627,74.319010974
880.797940020,74.463591834
881.512873412,74.696707959
882.227806805,74.822418161
882.942740198,74.899251096
883.657673591,75.012532670
884.372606984,75.058477226
885.087540377,75.048324057
885.802473770,75.101746269
886.517407163,75.254109236
887.232340555,75.401401952
887.947273948,75.386498342
888.662207341,75.253873329
889.377140734,75.159937217
890.092074127,75.117315924
890.807007520,75.146731419
891.521940913,75.264089008
892.236874305,75.356447569
892.951807698,75.450223670
893.666741091,75.655351855
894.381674484,75.883803277
895.096607877,76.056386338
895.811541270,76.201194822
896.526474663,76.302720060
897.241408056,76.412259167
897.956341448,76.600168473
898.671274841,76.757933917
899.386208234,76.830203093
900.101141627,76.929721228
900.816075020,77.047904823
901.531008413,77.127424415
902.245941806,77.201371532
902.960875199,77.223521151
903.675808591,77.211919364
904.390741984,77.244031465
905.105675377,77.197102694
905.820608770,77.146224099
906.535542163,77.091942873
907.250475556,77.132931683
907.965408949,77.104023689
908.680342342,77.056072231
909.395275734,77.023471811
910.110209127,76.986154864
910.825142520,77.025985520
911.540075913,77.034189953
912.255009306,77.046545763
912.969942699,77.169886840
913.684876092,77.269991043
914.399809485,77.359426762
915.114742877,77.467360614
915.829676270,77.496774584
916.544609663,77.618037882
917.259543056,77.769535467
917.974476449,77.885800898
918.689409842,77.953150282
919.404343235,77.960492821
920.119276628,78.083314049
920.834210020,78.353725568
921.549143413,78.535634027
922.264076806,78.572077403
922.979010199,78.690740594
923.693943592,78.740844560
924.408876985,78.748629294
925.123810378,78.851881949
925.838743771,78.991695958
926.553677163,79.102400829
927.268610556,79.208587317
927.983543949,79.246653613
928.698477342,79.438825438
929.413410735,79.644774754
930.128344128,79.822933855
930.843277521,79.994514852
931.558210914,80.080421032
932.273144306,80.125348213
932.988077699,80.156400789
933.703011092,80.299577838
934.417944485,80.474851253
935.132877878,80.603306975
935.847811271,80.658525791
936.562744664,80.730660128
937.277678056,80.770726539
937.992611449,80.853308459
938.707544842,80.854871010
939.422478235,80.919611396
940.137411628,81.000844278
940.852345021,80.987587734
941.567278414,80.861998708
942.282211807,80.719930776
942.997145199,80.651666622
943.712078592,80.609934536
944.427011985,80.583196671
945.141945378,80.471578673
945.856878771,80.310732644
946.571812164,80.177875835
947.286745557,80.106256564
948.001678950,80.078124696
948.716612342,79.895154530
949.431545735,79.660124220
950.146479128,79.470523337
950.861412521,79.418018147
951.576345914,79.268728179
952.291279307,78.923559463
953.006212700,78.546459780
953.721146093,78.476057545
954.436079485,78.273212808
955.151012878,77.950332174
955.865946271,77.578564655
956.580879664,77.479244822
957.295813057,77.206513449
958.010746450,76.842822919
958.725679843,76.510329361
959.440613236,76.448337508
960.155546628,76.241904071
960.870480021,75.935977731
961.585413414,75.679199476
962.300346807,75.639114004
963.015280200,75.462429571
963.730213593,75.180049488
964.445146986,74.936931095
965.160080379,74.893029060
965.875013771,74.676729203
966.589947164,74.367492286
967.304880557,74.284984446
968.019813950,74.061050451
968.734747343,73.842418488
969.449680736,73.669335843
970.164614129,73.630625343
970.879547522,73.594934376
971.594480914,73.620733382
972.309414307,73.632241291
973.024347700,73.650804526
973.739281093,73.672882762
974.454214486,73.696150847
975.169147879,73.860096103
975.884081272,74.032812572
976.599014664,74.073285562
977.313948057,74.241425939
978.028881450,74.375724402
978.743814843,74.397147929
979.458748236,74.454476020
980.173681629,74.449746514
980.888615022,74.430348987
981.603548415,74.357920401
982.318481807,74.245489693
983.033415200,74.198734775
983.748348593,74.099213010
984.463281986,74.105294268
985.178215379,74.135274486
985.893148772,74.395901225
986.608082165,74.677501930
987.323015558,74.722901252
988.037948950,74.805688170
988.752882343,74.804496810
989.467815736,74.779454929
990.182749129,74.715377276
990.897682522,74.686931110
991.612615915,74.544488948
992.327549308,74.385929302
993.042482701,74.337118627
993.757416093,74.100542867
994.472349486,73.822498916
995.187282879,73.648885641
995.902216272,73.314448313
996.617149665,73.242903059
997.332083058,72.891432824
998.047016451,72.429440315
998.761949844,72.190853556
999.476883236,71.728089074
1000.191816629,71.606890911
1000.906750022,70.994170227
1001.621683415,70.341891314
1002.336616808,69.982901614
1003.051550201,69.206707692
1003.766483594,68.985217255
1004.481416987,68.123803919
1005.196350379,67.267485390
1005.911283772,66.777399643
1006.626217165,65.790432506
1007.341150558,65.553732969
1008.056083951,64.734572760
1008.771017344,64.352361269
1009.485950737,63.614149791
1010.200884130,62.905060393
1010.915817522,62.681444737
1011.630750915,62.326582489
1012.345684308,62.272748539
1013.060617701,61.983926808
1013.775551094,61.819410796
1014.490484487,61.528811560
1015.205417880,61.413753452
1015.920351273,61.304117912
1016.635284665,61.190227711
1017.350218058,61.223814952
1018.065151451,61.383947072
1018.780084844,61.488503515
1019.495018237,61.649567171
1020.209951630,61.676440363
1020.924885023,61.893324442
1021.639818415,62.019090807
1022.354751808,62.304037875
1023.069685201,62.461580267
1023.784618594,62.800427603
1024.499551987,62.962056128
1025.214485380,63.302305438
1025.929418773,63.477596239
1026.644352166,63.757983311
1027.359285558,64.080499747
1028.074218951,64.304759982
1028.789152344,64.732820461
1029.504085737,64.965875014
1030.219019130,65.474165826
1030.933952523,65.744353959
1031.648885916,66.285374603
1032.363819309,66.514686851
1033.078752701,66.901122447
1033.793686094,67.063821119
1034.508619487,67.431417719
1035.223552880,67.686408304
1035.938486273,68.244227665
1036.653419666,68.528928333
1037.368353059,69.089712782
1038.083286452,69.405094845
1038.798219844,69.720476908
1039.513153237,70.308376102
1040.228086630,70.577373765
1040.943020023,70.822235594
1041.657953416,70.903022978
1042.372886809,70.968520651
1043.087820202,70.963647434
1043.802753595,70.605866192
1044.517686987,70.387192908
1045.232620380,69.915329733
1045.947553773,69.572134281
1046.662487166,69.057997832
1047.377420559,68.721018531
1048.092353952,68.063782472
1048.807287345,67.738512261
1049.522220738,67.413242049
1050.237154130,66.965266022
1050.952087523,66.795494866
1051.667020916,66.966648313
1052.381954309,67.223263768
1053.096887702,67.643888616
1053.811821095,67.953745355
1054.526754488,68.566428072
1055.241687881,68.817369260
1055.956621273,69.068310447
1056.671554666,69.481759750
1057.386488059,69.650902392
1058.101421452,69.779944048
1058.816354845,69.827433963
1059.531288238,69.825534363
1060.246221631,69.783645987
1060.961155024,69.741757612
1061.676088416,69.575833783
1062.391021809,69.455930894
1063.105955202,69.279874300
1063.820888595,69.099186480
1064.535821988,68.750786302
1065.250755381,68.654407065
1065.965688774,68.558027828
1066.680622166,68.418869461
1067.395555559,68.268157929
1068.110488952,68.017994645
1068.825422345,67.926182111
1069.540355738,67.834369576
1070.255289131,67.795370380
1070.970222524,67.819181796
1071.685155917,67.854103328
1072.400089309,67.863981932
1073.115022702,67.873860536
1073.829956095,67.958621925
1074.544889488,67.953584031
1075.259822881,67.912652916
1075.974756274,67.785612967
1076.689689667,67.694165882
1077.404623060,67.609518288
1078.119556452,67.576098704
1078.834489845,67.542679119
1079.549423238,67.548888477
1080.264356631,67.776835738
1080.979290024,68.030889333
1081.694223417,68.561582090
1082.409156810,68.959121258
1083.124090203,69.531271851
1083.839023595,69.800986174
1084.553956988,70.185335845
1085.268890381,70.635927309
1085.983823774,70.777696284
1086.698757167,70.919465259
1087.413690560,70.885567064
1088.128623953,70.750361942
1088.843557346,70.633447732
1089.558490738,70.203187572
1090.273424131,69.826941170
1090.988357524,69.569892991
1091.703290917,68.815748519
1092.418224310,68.224620701
1093.133157703,67.835574861
1093.848091096,67.169279965
1094.563024489,66.674627502
1095.277957881,66.339807869
1095.992891274,65.942748336
1096.707824667,65.744152619
1097.422758060,65.641982898
1098.137691453,65.421786530
1098.852624846,65.371197556
1099.567558239,65.393819939
1100.282491632,65.453224154
1100.997425024,65.519390139
1101.712358417,65.575871270
1102.427291810,65.808621321
1103.142225203,66.016322699
1103.857158596,66.163591603
1104.572091989,66.500351218
1105.287025382,66.776687803
1106.001958775,67.066909085
1106.716892167,67.463678085
1107.431825560,67.675476376
1108.146758953,68.004497188
1108.861692346,68.234437064
1109.576625739,68.807974064
1110.291559132,69.315296141
1111.006492525,69.680527681
1111.721425917,70.455863583
1112.436359310,71.045103035
1113.151292703,71.685104662
1113.866226096,72.616400233
1114.581159489,73.027837505
1115.296092882,73.643939098
1116.011026275,74.035392530
1116.725959668,74.860200612
1117.440893060,75.438337052
1118.155826453,75.992175707
1118.870759846,76.739207314
1119.585693239,77.068787732
1120.300626632,77.491787040
1121.015560025,77.817399541
1121.730493418,78.197781289
1122.445426811,78.378219381
1123.160360203,78.592089838
1123.875293596,78.705618487
1124.590226989,78.748374174
1125.305160382,78.793347743
1126.020093775,78.811890746
1126.735027168,78.816059489
1127.449960561,78.520084511
1128.164893954,78.307322251
1128.879827346,78.118129264
1129.594760739,77.869587876
1130.309694132,77.796381887
1131.024627525,77.694997249
1131.739560918,77.626768173
1132.454494311,77.543779795
1133.169427704,77.527598874
1133.884361097,77.534857786
1134.599294489,77.595575514
1135.314227882,77.662980589
1136.029161275,77.978137879
1136.744094668,78.307568051
1137.459028061,78.650870211
1138.173961454,78.866484929
1138.888894847,79.108723557
1139.603828240,79.268128200
1140.318761632,79.407233996
1141.033695025,79.495940192
1141.748628418,79.521761732
1142.463561811,79.512710730
1143.178495204,79.499565731
1143.893428597,79.490437721
1144.608361990,79.487685156
1145.323295383,79.350529503
1146.038228775,79.248552600
1146.753162168,79.200900060
1147.468095561,79.215630666
1148.183028954,79.238816313
1148.897962347,79.204133239
1149.612895740,79.160446498
1150.327829133,79.137224504
1151.042762526,79.154995597
1151.757695918,79.204746154
1152.472629311,79.228224339
1153.187562704,79.301710755
1153.902496097,79.448910489
1154.617429490,79.582988723
1155.332362883,79.805060233
1156.047296276,79.936418490
1156.762229668,80.079064231
1157.477163061,80.269152591
1158.192096454,80.503173256
1158.907029847,80.874902002
1159.621963240,81.101545265
1160.336896633,81.426883015
1161.051830026,81.755358003
1161.766763419,82.113138906
1162.481696811,82.639675050
1163.196630204,82.857676604
1163.911563597,83.171970266
1164.626496990,83.458457365
1165.341430383,83.754008809
1166.056363776,84.068416167
1166.771297169,84.480768529
1167.486230562,84.597611476
1168.201163954,84.773191748
1168.916097347,84.947474792
1169.631030740,85.133807310
1170.345964133,85.261402505
1171.060897526,85.405831205
1171.775830919,85.502182759
1172.490764312,85.575224868
1173.205697705,85.577644701
1173.920631097,85.503129777
1174.635564490,85.399175485
1175.350497883,85.288700927
1176.065431276,85.248351050
1176.780364669,85.171254927
1177.495298062,85.034643724
1178.210231455,84.850380394
1178.925164848,84.652602711
1179.640098240,84.536402950
1180.355031633,84.174175161
1181.069965026,83.872555629
1181.784898419,83.598154543
1182.499831812,83.418387066
1183.214765205,83.359361021
1183.929698598,83.414699489
1184.644631991,83.488136064
1185.359565383,83.797783105
1186.074498776,84.133117411
1186.789432169,84.495518380
1187.504365562,84.778381848
1188.219298955,84.956590421
1188.934232348,85.069308850
1189.649165741,85.143383770
1190.364099134,85.196328230
1191.079032526,85.249605072
1191.793965919,85.340771338
1192.508899312,85.427483827
1193.223832705,85.457333103
1193.938766098,85.432509422
1194.653699491,85.373923499
1195.368632884,85.279281036
1196.083566277,85.087071581
1196.798499669,84.946669555
1197.513433062,84.729063974
1198.228366455,84.499009575
1198.943299848,84.236309089
1199.658233241,83.920840790
1200.373166634,83.564978773
1201.088100027,83.186033222
1201.803033419,82.783944929
1202.517966812,82.212175899
1203.232900205,81.971003500
1203.947833598,81.668093088
1204.662766991,81.517956336
1205.377700384,81.557829344
1206.092633777,81.805405914
1206.807567170,82.250340795
1207.522500562,82.825477395
1208.237433955,83.413643997
1208.952367348,83.914662629
1209.667300741,84.434670942
1210.382234134,84.610143423
1211.097167527,84.835150040
1211.812100920,84.981078714
1212.527034313,85.070431291
1213.241967705,85.110189444
1213.956901098,85.082414013
1214.671834491,84.995363385
1215.386767884,84.889101149
1216.101701277,84.787004472
1216.816634670,84.678049074
1217.531568063,84.588365572
1218.246501456,84.434938800
1218.961434848,84.293681828
1219.676368241,84.101215695
1220.391301634,83.884465053
1221.106235027,83.691517537
1221.821168420,83.519434271
1222.536101813,83.336743244
1223.251035206,83.139831826
1223.965968599,82.959374842
1224.680901991,82.806794950
1225.395835384,82.650637239
1226.110768777,82.470512434
1226.825702170,82.278487329
1227.540635563,82.094829488
1228.255568956,81.886747524
1228.970502349,81.826254722
1229.685435742,81.728137987
1230.400369134,81.627138838
1231.115302527,81.513672896
1231.830235920,81.382716270
1232.545169313,81.241315734
1233.260102706,81.112201521
1233.975036099,81.013089290
1234.689969492,80.939994941
1235.404902885,80.889826295
1236.119836277,80.867350860
1236.834769670,80.849145465
1237.549703063,80.798997725
1238.264636456,80.727786337
1238.979569849,80.683048514
1239.694503242,80.682695877
1240.409436635,80.694148885
1241.124370028,80.688773859
1241.839303420,80.693605206
1242.554236813,80.747501543
1243.269170206,80.813713968
1243.984103599,80.908904110
1244.699036992,80.949054224
1245.413970385,81.068194183
1246.128903778,81.197757355
1246.843837170,81.306159993
1247.558770563,81.436300980
1248.273703956,81.555284195
1248.988637349,81.652570937
1249.703570742,81.768743184
1250.418504135,81.862457770
1251.133437528,81.895066065
1251.848370921,81.908654287
1252.563304313,81.937274819
1253.278237706,81.976879118
1253.993171099,81.993394877
1254.708104492,81.960625532
1255.423037885,81.888631910
1256.137971278,81.798051173
1256.852904671,81.737225007
1257.567838064,81.696507418
1258.282771456,81.596930467
1258.997704849,81.481119612
1259.712638242,81.389809322
1260.427571635,81.264492200
1261.142505028,81.161204446
1261.857438421,81.101685607
1262.572371814,81.017376164
1263.287305207,80.975308333
1264.002238599,80.969889635
1264.717171992,80.915627364
1265.432105385,80.884613052
1266.147038778,80.886300209
1266.861972171,80.873852837
1267.576905564,80.893571889
1268.291838957,80.894612106
1269.006772350,80.841869375
1269.721705742,80.816347334
1270.436639135,80.785804666
1271.151572528,80.686783077
1271.866505921,80.549247496
1272.581439314,80.388480931
1273.296372707,80.184082020
1274.011306100,79.928685266
1274.726239493,79.675557881
1275.441172885,79.462450749
1276.156106278,79.270941455
1276.871039671,79.163260102
1277.585973064,79.200697341
1278.300906457,79.340176717
1279.015839850,79.530830258
1279.730773243,79.756863983
1280.445706636,80.019902983
1281.160640028,80.294088736
1281.875573421,80.549884978
1282.590506814,80.778320353
1283.305440207,80.949634743
1284.020373600,81.094283903
1284.735306993,81.257480607
1285.450240386,81.461195655
1286.165173779,81.631380828
1286.880107171,81.745120595
1287.595040564,81.884094301
1288.309973957,81.979163557
1289.024907350,82.038949211
1289.739840743,82.076460959
1290.454774136,82.084344687
1291.169707529,82.059117996
1291.884640921,82.008230355
1292.599574314,81.933803186
1293.314507707,81.840350582
1294.029441100,81.727504687
1294.744374493,81.593236700
1295.459307886,81.448051668
1296.174241279,81.294260282
1296.889174672,81.128015246
1297.604108064,80.953991944
1298.319041457,80.790267202
1299.033974850,80.683044621
1299.748908243,80.664463699
1300.463841636,80.715503386
1301.178775029,80.772661007
1301.893708422,80.872487855
1302.608641815,80.995579084
1303.323575207,81.175649388
1304.038508600,81.331011714
1304.753441993,81.484186506
1305.468375386,81.655970667
1306.183308779,81.840228912
1306.898242172,82.017021094
1307.613175565,82.181789004
1308.328108958,82.335197331
1309.043042350,82.458039074
1309.757975743,82.525694037
1310.472909136,82.565800780
1311.187842529,82.610106617
1311.902775922,82.605405759
1312.617709315,82.581238355
1313.332642708,82.552257729
1314.047576101,82.548260872
1314.762509493,82.525946579
1315.477442886,82.503463871
1316.192376279,82.479041776
1316.907309672,82.453284774
1317.622243065,82.414592898
1318.337176458,82.370203827
1319.052109851,82.341153906
1319.767043244,82.319160968
1320.481976636,82.303848584
1321.196910029,82.292849391
1321.911843422,82.250304904
1322.626776815,82.183850176
1323.341710208,82.108246519
1324.056643601,82.052762122
1324.771576994,82.017312936
1325.486510387,81.958412886
1326.201443779,81.872717996
1326.916377172,81.816293025
1327.631310565,81.798666295
1328.346243958,81.791187311
1329.061177351,81.774915000
1329.776110744,81.768433819
1330.491044137,81.794073531
1331.205977530,81.841792036
1331.920910922,81.896964859
1332.635844315,81.977216738
1333.350777708,82.046327870
1334.065711101,82.069924818
1334.780644494,82.069098580
1335.495577887,82.054841058
1336.210511280,82.062653822
1336.925444672,82.059481463
1337.640378065,82.095359219
1338.355311458,82.111992292
1339.070244851,82.107827222
1339.785178244,82.071230255
1340.500111637,82.115698854
1341.215045030,82.268699379
1341.929978423,82.454884008
1342.644911815,82.579247756
1343.359845208,82.645900339
1344.074778601,82.688645505
1344.789711994,82.754754542
1345.504645387,82.803212284
1346.219578780,82.821579980
1346.934512173,82.808080146
1347.649445566,82.774458714
1348.364378958,82.704386319
1349.079312351,82.642817584
1349.794245744,82.561291388
1350.509179137,82.479838861
1351.224112530,82.338663899
1351.939045923,82.169023578
1352.653979316,81.993446088
1353.368912709,81.814712571
1354.083846101,81.567421700
1354.798779494,81.379133671
1355.513712887,81.253781051
1356.228646280,81.266896857
1356.943579673,81.268421740
1357.658513066,81.248715609
1358.373446459,81.226187433
1359.088379852,81.256972043
1359.803313244,81.308930722
1360.518246637,81.274823391
1361.233180030,81.229092826
1361.948113423,81.223903025
1362.663046816,81.226840466
1363.377980209,81.234070976
1364.092913602,81.318172994
1364.807846995,81.452126756
1365.522780387,81.551688822
1366.237713780,81.558022407
1366.952647173,81.583746953
1367.667580566,81.592230506
1368.382513959,81.575992707
1369.097447352,81.582370308
1369.812380745,81.605988903
1370.527314138,81.717134385
1371.242247530,81.826394198
1371.957180923,81.962550376
1372.672114316,81.993796885
1373.387047709,81.990453739
1374.101981102,82.020087912
1374.816914495,82.067642426
1375.531847888,82.272205995
1376.246781280,82.483894036
1376.961714673,82.719542191
1377.676648066,82.840457659
1378.391581459,82.948372993
1379.106514852,83.032328212
1379.821448245,83.205806901
1380.536381638,83.375272296
1381.251315031,83.568578587
1381.966248423,83.687416123
1382.681181816,83.829586606
1383.396115209,84.057689829
1384.111048602,84.240781139
1384.825981995,84.382315579
1385.540915388,84.458209344
1386.255848781,84.521554993
1386.970782174,84.461783891
1387.685715566,84.357879826
1388.400648959,84.390655111
1389.115582352,84.545919336
1389.830515745,84.692158816
1390.545449138,84.704092434
1391.260382531,84.642460947
1391.975315924,84.589854206
1392.690249317,84.536835835
1393.405182709,84.466223542
1394.120116102,84.245241628
1394.835049495,83.979808704
1395.549982888,83.797247222
1396.264916281,83.765055360
1396.979849674,83.767172084
1397.694783067,83.737799798
1398.409716460,83.649105879
1399.124649852,83.534311385
1399.839583245,83.428160492
1400.554516638,83.477149751
1401.269450031,83.537924939
1401.984383424,83.581017090
1402.699316817,83.532723811
1403.414250210,83.432804340
1404.129183603,83.350567905
1404.844116995,83.192882770
1405.559050388,83.177963122
1406.273983781,83.209465586
1406.988917174,83.270771170
1407.703850567,83.275980790
1408.418783960,83.248892552
1409.133717353,83.221390076
1409.848650746,83.192798687
1410.563584138,83.128942888
1411.278517531,83.106713819
1411.993450924,83.046856472
1412.708384317,82.991540780
1413.423317710,82.907464737
1414.138251103,82.864542458
1414.853184496,82.838218679
1415.568117889,82.799718798
1416.283051281,82.706619693
1416.997984674,82.527076445
1417.712918067,82.409878089
1418.427851460,82.344842384
1419.142784853,82.100533128
1419.857718246,82.024088375
1420.572651639,82.117225159
1421.287585031,82.492551595
1422.002518424,82.678605089
1422.717451817,82.695679661
1423.432385210,82.583694844
1424.147318603,82.500910043
1424.862251996,82.417522628
1425.577185389,82.531638039
1426.292118782,82.630220483
1427.007052174,82.737579709
1427.721985567,82.750136603
1428.436918960,82.749026447
1429.151852353,82.693617838
1429.866785746,82.589167915
1430.581719139,82.547995731
1431.296652532,82.567761234
1432.011585925,82.646454988
1432.726519317,82.628372632
1433.441452710,82.588546507
1434.156386103,82.516658647
1434.871319496,82.478269158
1435.586252889,82.417773656
1436.301186282,82.030719213
1437.016119675,81.617961658
1437.731053068,81.363370448
1438.445986460,81.467399914
1439.160919853,81.498313151
1439.875853246,81.321863148
1440.590786639,80.994197331
1441.305720032,80.765350855
1442.020653425,80.574983058
1442.735586818,80.507920413
1443.450520211,80.478503789
1444.165453603,80.488239149
1444.880386996,80.632073833
1445.595320389,80.818340317
1446.310253782,81.126417429
1447.025187175,81.459205498
1447.740120568,81.711915746
1448.455053961,82.023496108
1449.169987354,82.371983987
1449.884920746,82.870229620
1450.599854139,83.187794511
1451.314787532,83.378541254
1452.029720925,83.420927684
1452.744654318,83.617875344
1453.459587711,83.773834015
1454.174521104,83.860373661
1454.889454497,83.819527503
1455.604387889,83.602446191
1456.319321282,83.453386465
1457.034254675,83.249481851
1457.749188068,83.386221009
1458.464121461,83.633564834
1459.179054854,83.908578118
1459.893988247,84.163107391
1460.608921640,84.361558444
1461.323855032,84.590258367
1462.038788425,84.675033685
1462.753721818,84.766863611
1463.468655211,84.891372022
1464.183588604,84.826272496
1464.898521997,84.699591913
1465.613455390,84.654810099
1466.328388782,84.899135706
1467.043322175,85.166799664
1467.758255568,85.289637499
1468.473188961,85.345721631
1469.188122354,85.396996975
1469.903055747,85.611527130
1470.617989140,85.793311505
1471.332922533,85.780995301
1472.047855925,85.590992664
1472.762789318,85.400990028
1473.477722711,85.465293177
1474.192656104,85.754240204
1474.907589497,86.195741151
1475.622522890,86.558507327
1476.337456283,86.580862012
1477.052389676,86.632623353
1477.767323068,86.754431948
1478.482256461,87.006439777
1479.197189854,87.140880837
1479.912123247,87.212378752
1480.627056640,87.252338251
1481.341990033,87.227903943
1482.056923426,87.240255548
1482.771856819,87.302219074
1483.486790211,87.364182600
1484.201723604,87.403387155
1484.916656997,87.428882057
1485.631590390,87.411074050
1486.346523783,87.372134993
1487.061457176,87.294201972
1487.776390569,87.282964301
1488.491323962,87.132278974
1489.206257354,87.016223759
1489.921190747,86.803780611
1490.636124140,86.789709794
1491.351057533,86.775638977
1492.065990926,86.992040022
1492.780924319,87.171486079
1493.495857712,87.265719956
1494.210791105,87.202477463
1494.925724497,87.129366892
1495.640657890,86.893499198
1496.355591283,86.657631505
1497.070524676,86.439483272
1497.785458069,86.474820598
1498.500391462,86.256789346
1499.215324855,86.008937023
1499.930258248,85.870945980
1500.645191640,85.951323864
1501.360125033,86.031701748
1502.075058426,85.943194130
1502.789991819,85.892815351
1503.504925212,85.842436571
1504.219858605,85.952276263
1504.934791998,85.894200946
1505.649725391,85.429352397
1506.364658783,84.857793343
1507.079592176,84.417282861
1507.794525569,84.566674912
1508.509458962,84.716066963
1509.224392355,84.992473863
1509.939325748,85.140491533
1510.654259141,85.378423034
1511.369192533,85.523076935
1512.084125926,85.457184622
1512.799059319,85.410684053
1513.513992712,85.364183484
1514.228926105,85.317923799
1514.943859498,85.012096517
1515.658792891,84.706269235
1516.373726284,84.301532910
1517.088659676,83.803441293
1517.803593069,83.305349676
1518.518526462,83.319017410
1519.233459855,83.546282569
1519.948393248,83.503770290
1520.663326641,83.203972964
1521.378260034,83.041061546
1522.093193427,83.372990002
1522.808126819,83.704918459
1523.523060212,84.151349764
1524.237993605,84.460499436
1524.952926998,84.769649109
1525.667860391,84.863504067
1526.382793784,84.996506399
1527.097727177,85.129508731
1527.812660570,85.301964293
1528.527593962,85.457753909
1529.242527355,85.759126025
1529.957460748,86.014970754
1530.672394141,86.088690849
1531.387327534,86.057566645
1532.102260927,86.026442441
1532.817194320,85.982131890
1533.532127713,85.858347299
1534.247061105,85.734562708
1534.961994498,85.807485710
1535.676927891,85.895879612
1536.391861284,85.984273514
1537.106794677,85.970359954
1537.821728070,85.777938266
1538.536661463,85.585516579
1539.251594856,85.080345749
1539.966528248,84.884594434
1540.681461641,84.688843119
1541.396395034,84.944457491
1542.111328427,84.899150359
1542.826261820,84.853843227
1543.541195213,84.899432178
1544.256128606,85.052118876
1544.971061999,85.204805575
1545.685995391,85.097453427
1546.400928784,85.175599002
1547.115862177,85.253744577
1547.830795570,85.332860926
1548.545728963,85.292606695
1549.260662356,85.252352464
1549.975595749,84.957503822
1550.690529142,84.801309949
1551.405462534,84.645116077
1552.120395927,84.761388697
1552.835329320,84.803027208
1553.550262713,84.844665719
1554.265196106,84.563265880
1554.980129499,84.338535552
1555.695062892,84.113805223
1556.409996284,84.337200549
1557.124929677,83.860189161
1557.839863070,83.383177773
1558.554796463,82.842088599
1559.269729856,82.670893984
1559.984663249,82.499699369
1560.699596642,82.510457613
1561.414530035,82.899158479
1562.129463427,83.287859346
1562.844396820,83.436371769
1563.559330213,83.259398684
1564.274263606,83.082425599
1564.989196999,82.830981854
1565.704130392,82.723820227
1566.419063785,82.616658600
1567.133997178,82.555437627
1567.848930570,82.527349570
1568.563863963,82.296743519
1569.278797356,81.847754327
1569.993730749,81.398765134
1570.708664142,81.280418268
1571.423597535,81.355555770
1572.138530928,81.430693272
1572.853464321,81.236655918
1573.568397713,80.989843160
1574.283331106,80.743030401
1574.998264499,80.633636732
1575.713197892,79.985308055
1576.428131285,79.336979378
1577.143064678,78.862585278
1577.857998071,78.974043204
1578.572931464,79.085501131
1579.287864856,78.996885083
1580.002798249,78.967114252
1580.717731642,78.846985374
1581.432665035,78.710076177
1582.147598428,78.573166979
1582.862531821,78.399785621
1583.577465214,78.127053736
1584.292398607,77.854321851
1585.007331999,77.623886048
1585.722265392,77.375084741
1586.437198785,77.126283434
1587.152132178,76.863866396
1587.867065571,76.765716538
1588.581998964,76.495472213
1589.296932357,76.200678880
1590.011865750,75.905885546
1590.726799142,75.551974301
1591.441732535,75.145220988
1592.156665928,74.738467675
1592.871599321,74.469251507
1593.586532714,74.375576272
1594.301466107,74.097671597
1595.016399500,73.877468000
1595.731332893,73.657264404
1596.446266285,73.540729320
1597.161199678,73.308012361
1597.876133071,73.075295402
1598.591066464,72.792730877
1599.305999857,72.662322383
1600.020933250,72.277025617
1600.735866643,71.822969722
1601.450800035,71.368913826
1602.165733428,70.903602993
1602.880666821,70.361656800
1603.595600214,69.819710606
1604.310533607,69.426292685
1605.025467000,69.308677747
1605.740400393,69.061810597
1606.455333786,68.870729327
1607.170267178,68.679648056
1607.885200571,68.602643193
1608.600133964,68.525737941
1609.315067357,68.448832689
1610.030000750,68.443183784
1610.744934143,68.499264325
1611.459867536,68.628703134
1612.174800929,68.756531256
1612.889734321,68.884359377
1613.604667714,68.911206801
1614.319601107,68.883584370
1615.034534500,68.924395705
1615.749467893,68.980761557
1616.464401286,69.037127408
1617.179334679,68.777814031
1617.894268072,68.683867861
1618.609201464,68.589921691
1619.324134857,68.695832023
1620.039068250,68.648443061
1620.754001643,68.567741097
1621.468935036,68.507669601
1622.183868429,68.447598104
1622.898801822,68.260818363
1623.613735215,68.100797115
1624.328668607,67.926138332
1625.043602000,67.931337032
1625.758535393,67.936535732
1626.473468786,67.959194334
1627.188402179,67.962016701
1627.903335572,67.747062657
1628.618268965,67.592041541
1629.333202358,67.437020425
1630.048135750,67.461341121
1630.763069143,67.422906522
1631.478002536,67.351025113
1632.192935929,67.238758080
1632.907869322,67.126491046
1633.622802715,67.068369773
1634.337736108,67.089068723
1635.052669501,66.653929312
1635.767602893,66.380340948
1636.482536286,66.106752583
1637.197469679,66.202224007
1637.912403072,66.115445434
1638.627336465,66.078283707
1639.342269858,66.060282644
1640.057203251,66.042281582
1640.772136644,65.983049095
1641.487070036,65.991434517
1642.202003429,65.889758236
1642.916936822,65.722124438
1643.631870215,65.554490640
1644.346803608,65.557232480
1645.061737001,65.617546414
1645.776670394,65.380619127
1646.491603786,65.230617662
1647.206537179,65.080616197
1647.921470572,65.312538278
1648.636403965,65.397220604
1649.351337358,65.920177211
1650.066270751,66.358451491
1650.781204144,67.187786983
1651.496137537,67.672538879
1652.211070929,68.157290775
1652.926004322,68.159619072
1653.640937715,68.068256683
1654.355871108,68.600690866
1655.070804501,69.686570195
1655.785737894,70.772449524
1656.500671287,71.358749592
1657.215604680,71.482966905
1657.930538072,71.883339132
1658.645471465,72.159494046
1659.360404858,72.681995193
1660.075338251,73.041888594
1660.790271644,73.401781994
1661.505205037,73.664592940
1662.220138430,73.813856717
1662.935071823,73.998993591
1663.650005215,74.395663981
1664.364938608,74.792334372
1665.079872001,75.397848121
1665.794805394,75.642564576
1666.509738787,75.959430592
1667.224672180,76.031580153
1667.939605573,76.261375388
1668.654538966,76.398555834
1669.369472358,76.535736280
1670.084405751,76.775876040
1670.799339144,77.036481027
1671.514272537,77.320859636
1672.229205930,77.344633259
1672.944139323,77.649399388
1673.659072716,78.080090717
1674.374006109,78.510782046
1675.088939501,78.655184236
1675.803872894,78.649887604
1676.518806287,78.902907937
1677.233739680,79.161224901
1677.948673073,79.583834781
1678.663606466,79.827727605
1679.378539859,80.071620429
1680.093473252,80.329297791
1680.808406644,80.507375246
1681.523340037,80.803602615
1682.238273430,80.921752529
1682.953206823,81.019377222
1683.668140216,80.998852001
1684.383073609,80.900848828
1685.098007002,81.253449759
1685.812940395,81.606050690
1686.527873787,82.234858400
1687.242807180,82.433587228
1687.957740573,82.638180022
1688.672673966,82.644043988
1689.387607359,82.835810444
1690.102540752,83.211531337
1690.817474145,83.587252230
1691.532407537,83.878008612
1692.247340930,83.978946591
1692.962274323,84.097753391
1693.677207716,84.115622212
1694.392141109,84.374271257
1695.107074502,84.615051480
1695.822007895,84.431274277
1696.536941288,84.488955582
1697.251874680,84.546636886
1697.966808073,85.261378461
1698.681741466,85.493881305
1699.396674859,85.717680308
1700.111608252,85.708976468
1700.826541645,85.461038728
1701.541475038,85.221804829
1702.256408431,85.375658552
1702.971341823,85.808158583
1703.686275216,86.240658615
1704.401208609,86.335643332
1705.116142002,86.391215640
1705.831075395,86.417133482
1706.546008788,86.387479016
1707.260942181,86.473773288
1707.975875574,86.589722027
1708.690808966,86.771182405
1709.405742359,86.836694045
1710.120675752,86.893358469
1710.835609145,86.967207034
1711.550542538,87.041055599
1712.265475931,87.069045837
1712.980409324,87.014340295
1713.695342717,86.981677465
1714.410276109,87.003720178
1715.125209502,86.917000174
1715.840142895,86.808237458
1716.555076288,86.811670646
1717.270009681,86.923866551
1717.984943074,86.707046704
1718.699876467,86.592071100
1719.414809860,86.477095496
1720.129743252,86.756743603
1720.844676645,86.822351562
1721.559610038,86.866906604
1722.274543431,86.845853686
1722.989476824,86.759046675
1723.704410217,86.693292581
1724.419343610,86.671411049
1725.134277003,86.715283611
1725.849210395,86.734669603
1726.564143788,86.710183034
1727.279077181,86.643174091
1727.994010574,86.619524811
1728.708943967,86.595875531
1729.423877360,86.424554070
1730.138810753,86.234359516
1730.853744145,86.161689164
1731.568677538,86.279213367
1732.283610931,86.317187910
1732.998544324,86.237638250
1733.713477717,85.921019914
1734.428411110,85.683951239
1735.143344503,85.595640087
1735.858277896,85.744397610
1736.573211288,86.058717007
1737.288144681,86.224278881
1738.003078074,86.467213315
1738.718011467,86.328976909
1739.432944860,86.190740503
1740.147878253,86.149695806
1740.862811646,86.324260075
1741.577745039,86.522689455
1742.292678431,86.546554568
1743.007611824,86.535395450
1743.722545217,86.500371220
1744.437478610,86.662682458
1745.152412003,86.860017925
1745.867345396,87.070447133
1746.582278789,87.083540873
1747.297212182,87.122625738
1748.012145574,87.148616863
1748.727078967,87.150628614
1749.442012360,87.126649241
1750.156945753,87.387529904
1750.871879146,87.672389941
1751.586812539,87.898900391
1752.301745932,87.840550804
1753.016679325,88.162040060
1753.731612717,88.725931544
1754.446546110,89.289823028
1755.161479503,89.606673602
1755.876412896,89.739471534
1756.591346289,89.984455470
1757.306279682,90.096641473
1758.021213075,90.425214682
1758.736146468,90.641601887
1759.451079860,91.065955851
1760.166013253,91.273922610
1760.880946646,91.470713130
1761.595880039,91.459536891
1762.310813432,91.781509509
1763.025746825,92.114658366
1763.740680218,92.581550296
1764.455613611,92.715293369
1765.170547003,92.897545352
1765.885480396,92.946054263
1766.600413789,93.142365445
1767.315347182,93.290167717
1768.030280575,93.277198758
1768.745213968,93.116427527
1769.460147361,93.270792375
1770.175080754,93.585928453
1770.890014146,93.836679913
1771.604947539,93.772295296
1772.319880932,93.676593634
1773.034814325,93.645276588
1773.749747718,93.848397113
1774.464681111,94.082834684
1775.179614504,94.275068705
1775.894547896,94.232865155
1776.609481289,94.347608391
1777.324414682,94.504555177
1778.039348075,94.613833165
1778.754281468,94.566164367
1779.469214861,94.563610968
1780.184148254,94.608726367
1780.899081647,94.620272761
1781.614015039,94.586703756
1782.328948432,94.601663059
1783.043881825,94.650191368
1783.758815218,94.715628703
1784.473748611,94.732537729
1785.188682004,94.710226080
1785.903615397,94.671005404
1786.618548790,94.757953388
1787.333482182,94.884122048
1788.048415575,95.016149710
1788.763348968,95.022008713
1789.478282361,95.016601679
1790.193215754,95.005335641
1790.908149147,94.892866863
1791.623082540,94.791664122
1792.338015933,94.647263231
1793.052949325,94.604065081
1793.767882718,94.706714398
1794.482816111,94.852561864
1795.197749504,94.979911863
1795.912682897,94.961414396
1796.627616290,94.965369524
1797.342549683,94.987822120
1798.057483076,95.117345595
1798.772416468,95.224416473
1799.487349861,95.188642606
1800.202283254,95.045797860
1800.917216647,94.979951745
1801.632150040,95.056950376
1802.347083433,95.112129378
1803.062016826,95.090309749
1803.776950219,95.199115675
1804.491883611,95.329741229
1805.206817004,95.461937284
1805.921750397,95.463507784
1806.636683790,95.509719459
1807.351617183,95.554360633
1808.066550576,95.581023790
1808.781483969,95.563045773
1809.496417362,95.500674258
1810.211350754,95.456280761
1810.926284147,95.430034266
1811.641217540,95.448181269
1812.356150933,95.501256780
1813.071084326,95.536185289
1813.786017719,95.667225223
1814.500951112,95.763336649
1815.215884505,95.870558684
1815.930817897,95.881669292
1816.645751290,95.795720666
1817.360684683,95.698661433
1818.075618076,95.664154079
1818.790551469,95.726705958
1819.505484862,95.727649986
1820.220418255,95.666042135
1820.935351647,95.590361577
1821.650285040,95.576288870
1822.365218433,95.562216163
1823.080151826,95.564653539
1823.795085219,95.567090915
1824.510018612,95.538435116
1825.224952005,95.507341942
1825.939885398,95.505597398
1826.654818790,95.534946029
1827.369752183,95.601461377
1828.084685576,95.638628095
1828.799618969,95.681487686
1829.514552362,95.687180560
1830.229485755,95.645778827
1830.944419148,95.598684220
1831.659352541,95.684704208
1832.374285933,95.817818804
1833.089219326,95.946652102
1833.804152719,95.942370805
1834.519086112,95.968477305
1835.234019505,95.998865101
1835.948952898,95.904848955
1836.663886291,95.780445012
1837.378819684,95.761321570
1838.093753076,95.866602070
1838.808686469,95.971882571
1839.523619862,95.930369208
1840.238553255,95.888855845
1840.953486648,95.862551349
1841.668420041,95.877760216
1842.383353434,95.843554913
1843.098286827,95.794140743
1843.813220219,95.629192173
1844.528153612,95.513657774
1845.243087005,95.598283296
1845.958020398,95.798443218
1846.672953791,95.860685012
1847.387887184,95.722766884
1848.102820577,95.698831530
1848.817753970,95.812814304
1849.532687362,95.926797078
1850.247620755,95.980415246
1850.962554148,96.034033413
1851.677487541,95.987805017
1852.392420934,95.887958454
1853.107354327,95.834309617
1853.822287720,95.880507342
1854.537221113,96.012847188
1855.252154505,96.098989309
1855.967087898,96.075849938
1856.682021291,95.966568445
1857.396954684,95.883194642
1858.111888077,95.909102331
1858.826821470,95.949326780
1859.541754863,95.963643541
1860.256688256,95.977960301
1860.971621648,95.969097650
1861.686555041,95.960234999
1862.401488434,96.000924790
1863.116421827,96.050477232
1863.831355220,96.107338327
1864.546288613,96.114646980
1865.261222006,96.040458471
1865.976155398,95.958961308
1866.691088791,95.867523451
1867.406022184,95.857582757
1868.120955577,95.793440606
1868.835888970,95.739239150
1869.550822363,95.685037693
1870.265755756,95.657648386
1870.980689149,95.630259078
1871.695622541,95.735951553
1872.410555934,95.869033336
1873.125489327,96.041376488
1873.840422720,96.080637858
1874.555356113,96.137923092
1875.270289506,96.155946956
1875.985222899,96.170546853
1876.700156292,96.167122885
1877.415089684,96.163698918
1878.130023077,96.089508404
1878.844956470,96.015317889
1879.559889863,95.970973987
1880.274823256,96.000820598
1880.989756649,96.032325963
1881.704690042,96.033984715
1882.419623435,96.038573450
1883.134556827,96.041503433
1883.849490220,96.039635961
1884.564423613,96.034838507
1885.279357006,96.030041053
1885.994290399,96.073963657
1886.709223792,96.117886260
1887.424157185,96.164643120
1888.139090578,96.167477376
1888.854023970,96.021645123
1889.568957363,95.872978614
1890.283890756,95.867297303
1890.998824149,96.010282502
1891.713757542,96.153267700
1892.428690935,96.114315442
1893.143624328,96.075363184
1893.858557721,96.064523076
1894.573491113,96.092635226
1895.288424506,96.113822721
1896.003357899,96.106898066
1896.718291292,96.045219643
1897.433224685,95.990465876
1898.148158078,95.935712109
1898.863091471,96.036283028
1899.578024864,96.136853947
1900.292958256,96.183177212
1901.007891649,96.128929558
1901.722825042,96.095542822
1902.437758435,96.116403742
1903.152691828,96.154715467
1903.867625221,96.172166273
1904.582558614,96.189617080
1905.297492007,96.184079115
1906.012425399,96.178541150
1906.727358792,96.162800461
1907.442292185,96.152597736
1908.157225578,96.131519242
1908.872158971,96.120643472
1909.587092364,96.109767703
1910.302025757,95.952812362
1911.016959149,95.795857020
1911.731892542,95.841467247
1912.446825935,96.044032814
1913.161759328,96.203353112
1913.876692721,96.160107842
1914.591626114,96.051122500
1915.306559507,95.985382428
1916.021492900,95.919642357
1916.736426292,96.030478822
1917.451359685,96.141315288
1918.166293078,96.276830405
1918.881226471,96.301509057
1919.596159864,96.213474271
1920.311093257,96.100760832
1921.026026650,95.988047394
1921.740960043,95.980418094
1922.455893435,95.972788795
1923.170826828,95.950307812
1923.885760221,95.935456128
1924.600693614,95.893207440
1925.315627007,95.865810436
1926.030560400,95.838413431
1926.745493793,96.116622273
1927.460427186,96.394831114
1928.175360578,96.518529159
1928.890293971,96.364018363
1929.605227364,96.084632592
1930.320160757,95.959757617
1931.035094150,95.834882641
1931.750027543,95.923247758
1932.464960936,96.011612874
1933.179894329,96.154269166
1933.894827721,96.208560343
1934.609761114,96.100344224
1935.324694507,95.937836929
1936.039627900,95.775329634
1936.754561293,95.834685280
1937.469494686,95.894040926
1938.184428079,96.010981381
1938.899361472,96.068566191
1939.614294864,96.345607325
1940.329228257,96.565063649
1941.044161650,96.784519974
1941.759095043,96.557036821
1942.474028436,96.329553667
1943.188961829,96.277469664
1943.903895222,96.452868813
1944.618828615,96.347456941
1945.333762007,96.066645920
1946.048695400,95.785834899
1946.763628793,95.827005154
1947.478562186,95.868175409
1948.193495579,95.992987428
1948.908428972,96.076629193
1949.623362365,96.395108581
1950.338295758,96.629946204
1951.053229150,96.864783827
1951.768162543,96.693094051
1952.483095936,96.521404275
1953.198029329,96.430279136
1953.912962722,96.510843774
1954.627896115,96.591408411
1955.342829508,96.363890121
1956.057762900,96.136371832
1956.772696293,95.967402868
1957.487629686,96.025952194
1958.202563079,96.333707633
1958.917496472,96.582913747
1959.632429865,96.832119861
1960.347363258,96.796376407
1961.062296651,96.760632954
1961.777230043,96.755540182
1962.492163436,96.786190863
1963.207096829,96.816841544
1963.922030222,96.621778334
1964.636963615,96.426715124
1965.351897008,96.085284430
1966.066830401,95.938916947
1966.781763794,95.947511952
1967.496697186,96.102474440
1968.211630579,96.257436928
1968.926563972,96.141162374
1969.641497365,96.024887820
1970.356430758,95.822869813
1971.071364151,95.737126361
1971.786297544,95.651382908
1972.501230937,95.870578033
1973.216164329,96.089773158
1973.931097722,96.533096518
1974.646031115,96.757224753
1975.360964508,96.981352987
1976.075897901,97.120160174
1976.790831294,97.258967360
1977.505764687,97.079401493
1978.220698080,96.761028439
1978.935631472,96.442655386
1979.650564865,96.325901182
1980.365498258,96.209146977
1981.080431651,96.184879165
1981.795365044,96.277365556
1982.510298437,96.234880080
1983.225231830,96.099908213
1983.940165223,95.964936345
1984.655098615,95.951870950
1985.370032008,95.938805555
1986.084965401,95.848001304
1986.799898794,95.770262447
1987.514832187,95.692523590
1988.229765580,95.565978164
1988.944698973,95.439432737
1989.659632366,95.558210838
1990.374565758,95.803534366
1991.089499151,96.048857894
1991.804432544,96.020120465
1992.519365937,95.991383035
1993.234299330,95.883201099
1993.949232723,95.803756592
1994.664166116,95.724312086
1995.379099509,95.769511888
1996.094032901,95.814711690
1996.808966294,95.861064116
1997.523899687,95.862216739
1998.238833080,95.863369363
1998.953766473,95.706621317
1999.668699866,95.549873271
2000.383633259,95.761641828
2001.098566651,96.130158431
2001.813500044,96.498675034
2002.528433437,96.244845468
2003.243366830,95.991015902
2003.958300223,96.212244017
2004.673233616,96.687301698
2005.388167009,97.162359378
2006.103100402,96.770637183
2006.818033794,96.378914987
2007.532967187,96.110815304
2008.247900580,96.234437816
2008.962833973,96.358060329
2009.677767366,96.344790128
2010.392700759,96.331519926
2011.107634152,96.374044017
2011.822567545,96.429838310
2012.537500937,96.485632602
2013.252434330,96.313819441
2013.967367723,96.142006279
2014.682301116,96.134227137
2015.397234509,96.298261157
2016.112167902,96.462295177
2016.827101295,96.524793541
2017.542034688,96.587291906
2018.256968080,96.649790271
2018.971901473,96.807671708
2019.686834866,96.965553145
2020.401768259,96.564022053
2021.116701652,96.004609523
2021.831635045,95.445196993
2022.546568438,95.804865855
2023.261501831,96.164534717
2023.976435223,96.273145212
2024.691368616,96.022086845
2025.406302009,95.771028478
2026.121235402,95.793933368
2026.836168795,95.816838258
2027.551102188,95.871388870
2028.266035581,95.903034592
2028.980968974,95.934680314
2029.695902366,95.948575042
2030.410835759,95.962469770
2031.125769152,96.039411059
2031.840702545,96.102457620
2032.555635938,96.165504181
2033.270569331,95.639482794
2033.985502724,95.113461407
2034.700436117,94.587440020
2035.415369509,94.915727808
2036.130302902,95.244015596
2036.845236295,95.191254309
2037.560169688,94.810205235
2038.275103081,94.429156160
2038.990036474,94.846468457
2039.704969867,95.263780753
2040.419903260,95.771917944
2041.134836652,95.862742838
2041.849770045,95.953567732
2042.564703438,95.829809607
2043.279636831,95.706051482
2043.994570224,95.582293356
2044.709503617,95.272437295
2045.424437010,94.962581235
2046.139370402,94.994259937
2046.854303795,95.335794701
2047.569237188,95.677329465
2048.284170581,95.488545314
2048.999103974,95.299761164
2049.714037367,95.110977013
2050.428970760,95.148159616
2051.143904153,95.185342219
2051.858837545,95.231707442
2052.573770938,95.240890062
2053.288704331,95.250072681
2054.003637724,95.148441562
2054.718571117,95.046810443
2055.433504510,95.022861120
2056.148437903,95.100542917
2056.863371296,95.178224714
2057.578304688,95.254636738
2058.293238081,95.331048762
2059.008171474,95.407460786
2059.723104867,95.475785177
2060.438038260,95.544109567
2061.152971653,95.550246122
2061.867905046,95.488058285
2062.582838439,95.425870448
2063.297771831,95.240032403
2064.012705224,95.054194358
2064.727638617,94.868356313
2065.442572010,94.780999056
2066.157505403,94.693641799
2066.872438796,94.621333867
2067.587372189,94.636383192
2068.302305582,94.651432516
2069.017238974,94.632527875
2069.732172367,94.613623233
2070.447105760,94.594718592
2071.162039153,94.730963139
2071.876972546,94.867207686
2072.591905939,94.879267876
2073.306839332,94.755083518
2074.021772725,94.630899161
2074.736706117,94.732428444
2075.451639510,94.833957728
2076.166572903,94.935487012
2076.881506296,94.791118278
2077.596439689,94.646749544
2078.311373082,94.502380810
2079.026306475,94.493398720
2079.741239868,94.484416630
2080.456173260,94.700840240
2081.171106653,94.926245941
2081.886040046,95.151651641
2082.600973439,94.951114252
2083.315906832,94.750576863
2084.030840225,94.550039474
2084.745773618,94.529518559
2085.460707011,94.508997644
2086.175640403,94.530386368
2086.890573796,94.572296006
2087.605507189,94.614205644
2088.320440582,94.702066909
2089.035373975,94.789928174
2089.750307368,94.877789440
2090.465240761,94.873444440
2091.180174153,94.869099440
2091.895107546,94.864754439
2092.610040939,94.898144760
2093.324974332,94.931535080
2094.039907725,95.002515280
2094.754841118,95.040105160
2095.469774511,95.077695039
2096.184707904,94.810522391
2096.899641296,94.543349743
2097.614574689,94.276177095
2098.329508082,94.440091755
2099.044441475,94.604006415
2099.759374868,94.767921075
2100.474308261,94.800976016
2101.189241654,94.834030957
2101.904175047,94.788078649
2102.619108439,94.709071400
2103.334041832,94.630064151
2104.048975225,94.790912682
2104.763908618,94.951761212
2105.478842011,95.112609743
2106.193775404,94.932989924
2106.908708797,94.753370104
2107.623642190,94.573750285
2108.338575582,94.490047333
2109.053508975,94.406344382
2109.768442368,94.393933171
2110.483375761,94.465224913
2111.198309154,94.536516654
2111.913242547,94.472571099
2112.628175940,94.408625543
2113.343109333,94.344679988
2114.058042725,94.486541557
2114.772976118,94.628403126
2115.487909511,94.770264695
2116.202842904,94.693127070
2116.917776297,94.615989444
2117.632709690,94.538851819
2118.347643083,94.541897048
2119.062576476,94.544942276
2119.777509868,94.720673126
2120.492443261,94.893358747
2121.207376654,95.066044368
2121.922310047,94.968842645
2122.637243440,94.871640923
2123.352176833,94.774439201
2124.067110226,94.700409848
2124.782043619,94.626380494
2125.496977011,94.552351141
2126.211910404,94.668132394
2126.926843797,94.783913647
2127.641777190,94.899694899
2128.356710583,94.950028395
2129.071643976,95.000361890
2129.786577369,95.050695386
2130.501510761,95.131446040
2131.216444154,95.212196694
2131.931377547,95.273928934
2132.646310940,95.254910520
2133.361244333,95.235892105
2134.076177726,95.085277289
2134.791111119,94.934662473
2135.506044512,94.784047656
2136.220977904,94.807074484
2136.935911297,94.830101312
2137.650844690,94.853128140
2138.365778083,95.035756544
2139.080711476,95.218384947
2139.795644869,95.401013350
2140.510578262,95.239026250
2141.225511655,95.077039151
2141.940445047,94.915052051
2142.655378440,95.113592915
2143.370311833,95.312133780
2144.085245226,95.510674645
2144.800178619,95.365641540
2145.515112012,95.220608435
2146.230045405,95.108420526
2146.944978798,95.141265723
2147.659912190,95.174110920
2148.374845583,94.878524921
2149.089778976,94.582938921
2149.804712369,94.287352922
2150.519645762,94.630043407
2151.234579155,94.972733892
2151.949512548,95.315424377
2152.664445941,95.631530022
2153.379379333,95.947635666
2154.094312726,96.263741310
2154.809246119,95.908135718
2155.524179512,95.552530125
2156.239112905,95.196924533
2156.954046298,95.090300508
2157.668979691,94.983676483
2158.383913084,94.877052457
2159.098846476,94.664794080
2159.813779869,94.452535702
2160.528713262,94.240277324
2161.243646655,94.567894695
2161.958580048,94.895512066
2162.673513441,95.223129437
2163.388446834,95.056361365
2164.103380227,94.889593292
2164.818313619,94.722825219
2165.533247012,94.068745515
2166.248180405,93.414665812
2166.963113798,92.760586108
2167.678047191,93.603665179
2168.392980584,94.446744249
2169.107913977,95.289823320
2169.822847370,95.285062561
2170.537780762,95.280301802
2171.252714155,95.359143528
2171.967647548,95.442746012
2172.682580941,95.526348496
2173.397514334,95.284570427
2174.112447727,95.042792358
2174.827381120,94.801014289
2175.542314512,95.015874843
2176.257247905,95.230735398
2176.972181298,95.445595952
2177.687114691,95.547736475
2178.402048084,95.649876999
2179.116981477,95.752017522
2179.831914870,95.205496536
2180.546848263,94.658975549
2181.261781655,94.112454563
2181.976715048,94.331880542
2182.691648441,94.551306521
2183.406581834,94.770732501
2184.121515227,94.737580578
2184.836448620,94.704428654
2185.551382013,94.671276731
2186.266315406,94.627436449
2186.981248798,94.583596167
2187.696182191,94.539755885
2188.411115584,94.737016590
2189.126048977,94.934277295
2189.840982370,95.131538000
2190.555915763,95.046347225
2191.270849156,94.961156450
2191.985782549,94.875965676
2192.700715941,94.915236979
2193.415649334,94.954508283
2194.130582727,94.993779586
2194.845516120,94.822636023
2195.560449513,94.651492460
2196.275382906,94.480348897
2196.990316299,94.659887634
2197.705249692,94.839426371
2198.420183084,95.018965109
2199.135116477,94.828670600
2199.850049870,94.638376091
2200.564983263,94.448081583
2201.279916656,94.628845837
2201.994850049,94.809610091
2202.709783442,94.990374346
2203.424716835,94.836891769
2204.139650227,94.683409192
2204.854583620,94.529926615
2205.569517013,94.645497368
2206.284450406,94.761068121
2206.999383799,94.876638874
2207.714317192,94.964664575
2208.429250585,95.035085135
2209.144183978,95.087900556
2209.859117370,95.288534207
2210.574050763,95.436352437
2211.288984156,95.584170668
2212.003917549,95.549720409
2212.718850942,95.515270151
2213.433784335,95.333001662
2214.148717728,95.280398161
2214.863651121,95.227794661
2215.578584513,95.357459649
2216.293517906,95.507734673
2217.008451299,95.658009698
2217.723384692,95.678619734
2218.438318085,95.585555225
2219.153251478,95.492490717
2219.868184871,95.378816173
2220.583118263,95.221427348
2221.298051656,95.064038524
2222.012985049,95.020324244
2222.727918442,94.947672795
2223.442851835,94.875021345
2224.157785228,94.846084176
2224.872718621,94.939194959
2225.587652014,95.032305741
2226.302585406,95.154353692
2227.017518799,95.219016107
2227.732452192,95.283678522
2228.447385585,95.226292985
2229.162318978,95.199600186
2229.877252371,95.172907388
2230.592185764,95.203600126
2231.307119157,95.293287438
2232.022052549,95.382974750
2232.736985942,95.441969324
2233.451919335,95.500963897
2234.166852728,95.565237424
2234.881786121,95.570516377
2235.596719514,95.575795331
2236.311652907,95.521170602
2237.026586300,95.466545874
2237.741519692,95.406642193
2238.456453085,95.324012865
2239.171386478,95.241383537
2239.886319871,95.218657891
2240.601253264,95.224992539
2241.316186657,95.231327187
2242.031120050,95.260387480
2242.746053443,95.229220430
2243.460986835,95.198053380
2244.175920228,95.137826036
2244.890853621,95.126725646
2245.605787014,95.115625256
2246.320720407,95.164752209
2247.035653800,95.282890396
2247.750587193,95.401028584
2248.465520586,95.470039817
2249.180453978,95.539051051
2249.895387371,95.558774863
2250.610320764,95.509487441
2251.325254157,95.460200019
2252.040187550,95.490983807
2252.755120943,95.521767595
2253.470054336,95.601838805
2254.184987729,95.589540679
2254.899921121,95.577242553
2255.614854514,95.484873218
2256.329787907,95.409488659
2257.044721300,95.334104099
2257.759654693,95.351088875
2258.474588086,95.261325803
2259.189521479,95.171562731
2259.904454872,95.064814883
2260.619388264,95.026084544
2261.334321657,94.987354204
2262.049255050,95.055371713
2262.764188443,95.123389222
2263.479121836,95.237358367
2264.194055229,95.283310003
2264.908988622,95.329261640
2265.623922014,95.315688491
2266.338855407,95.302115342
2267.053788800,95.242590557
2267.768722193,95.251707560
2268.483655586,95.260824564
2269.198588979,95.329466353
2269.913522372,95.396649816
2270.628455765,95.463833279
2271.343389157,95.462374953
2272.058322550,95.460916627
2272.773255943,95.379746631
2273.488189336,95.300034962
2274.203122729,95.220323292
2274.918056122,95.174628727
2275.632989515,95.128934162
2276.347922908,95.162951267
2277.062856300,95.211930561
2277.777789693,95.260909855
2278.492723086,95.275872044
2279.207656479,95.311624780
2279.922589872,95.347377515
2280.637523265,95.368168061
2281.352456658,95.388958607
2282.067390051,95.402677070
2282.782323443,95.395604988
2283.497256836,95.388532905
2284.212190229,95.370593090
2284.927123622,95.352653274
2285.642057015,95.341785541
2286.356990408,95.338044746
2287.071923801,95.334303950
2287.786857194,95.341430888
2288.501790586,95.391518334
2289.216723979,95.441605781
2289.931657372,95.484566289
2290.646590765,95.527526797
2291.361524158,95.525557803
2292.076457551,95.480628301
2292.791390944,95.435698799
2293.506324337,95.400939804
2294.221257729,95.366180808
2294.936191122,95.376351315
2295.651124515,95.373652811
2296.366057908,95.370954307
2297.080991301,95.358085296
2297.795924694,95.345216285
2298.510858087,95.332360888
2299.225791480,95.332374501
2299.940724872,95.332388114
2300.655658265,95.342111890
2301.370591658,95.351835666
2302.085525051,95.361545830
2302.800458444,95.396457056
2303.515391837,95.431368282
2304.230325230,95.456569345
2304.945258623,95.446073674
2305.660192015,95.435578002
2306.375125408,95.399881268
2307.090058801,95.364184534
2307.804992194,95.333496418
2308.519925587,95.338505037
2309.234858980,95.343513655
2309.949792373,95.388391023
2310.664725765,95.433268392
2311.379659158,95.473137141
2312.094592551,95.513005891
2312.809525944,95.572321873
2313.524459337,95.591769105
2314.239392730,95.611216337
2314.954326123,95.583156918
2315.669259516,95.555097499
2316.384192908,95.507590848
2317.099126301,95.509946084
2317.814059694,95.512301320
2318.528993087,95.562163206
2319.243926480,95.612025092
2319.958859873,95.611236538
2320.673793266,95.560586097
2321.388726659,95.509935656
2322.103660051,95.467535378
2322.818593444,95.425135100
2323.533526837,95.433385263
2324.248460230,95.510268004
2324.963393623,95.587150746
2325.678327016,95.655783324
2326.393260409,95.724415903
2327.108193802,95.783790876
2327.823127194,95.774533271
2328.538060587,95.765275665
2329.252993980,95.733782594
2329.967927373,95.702289522
2330.682860766,95.680054056
2331.397794159,95.657818590
2332.112727552,95.650155177
2332.827660945,95.664727229
2333.542594337,95.679299282
2334.257527730,95.791212379
2334.972461123,95.903125476
2335.687394516,96.000466521
2336.402327909,96.062093987
2337.117261302,96.123721453
2337.832194695,96.088007875
2338.547128088,96.052294297
2339.262061480,95.962740039
2339.976994873,95.908899359
2340.691928266,95.855058679
2341.406861659,95.772389953
2342.121795052,95.689721228
2342.836728445,95.660893183
2343.551661838,95.632065138
2344.266595231,95.646425038
2344.981528623,95.689612984
2345.696462016,95.732800930
2346.411395409,95.695587520
2347.126328802,95.658374110
2347.841262195,95.577972754
2348.556195588,95.497571398
2349.271128981,95.549772694
2349.986062374,95.682375345
2350.700995766,95.814977996
2351.415929159,95.927199866
2352.130862552,96.039421735
2352.845795945,96.019040954
2353.560729338,96.002437340
2354.275662731,95.985833726
2354.990596124,95.989610894
2355.705529516,95.993388062
2356.420462909,96.018603624
2357.135396302,96.040042019
2357.850329695,96.061480413
2358.565263088,96.070103562
2359.280196481,96.078726710
2359.995129874,96.065911465
2360.710063267,96.053096219
2361.424996659,95.961638948
2362.139930052,95.882996924
2362.854863445,95.804354900
2363.569796838,95.794711871
2364.284730231,95.785068841
2364.999663624,95.854067836
2365.714597017,95.923066831
2366.429530410,95.975840501
2367.144463802,95.959615177
2367.859397195,95.943389852
2368.574330588,95.881557493
2369.289263981,95.819725134
2370.004197374,95.774118099
2370.719130767,95.728511064
2371.434064160,95.654815913
2372.148997553,95.626727797
2372.863930945,95.598639680
2373.578864338,95.578298278
2374.293797731,95.557956875
2375.008731124,95.565703590
2375.723664517,95.573450304
2376.438597910,95.622047363
2377.153531303,95.662897709
2377.868464696,95.703748054
2378.583398088,95.744598399
2379.298331481,95.799495116
2380.013264874,95.813541488
2380.728198267,95.827587860
2381.443131660,95.868832375
2382.158065053,95.910076891
2382.872998446,95.937275035
2383.587931839,95.964473179
2384.302865231,95.984459711
2385.017798624,95.977248099
2385.732732017,95.970036488
2386.447665410,95.984469794
2387.162598803,95.998903100
2387.877532196,96.020548019
2388.592465589,96.042192937
2389.307398982,96.037037707
2390.022332374,96.010237559
2390.737265767,95.983437411
2391.452199160,95.963598508
2392.167132553,95.943759604
2392.882065946,95.950720848
2393.596999339,95.957682093
2394.311932732,95.989010949
2395.026866125,96.013378560
2395.741799517,96.037746172
2396.456732910,96.062113783
2397.171666303,96.056048107
2397.886599696,96.025614820
2398.601533089,95.995181532
2399.316466482,95.958898146
2400.031399875,95.922614760
2400.746333267,95.916764661
2401.461266660,95.910914562
2402.176200053,95.935299995
2402.891133446,95.965535527
2403.606066839,95.995771058
2404.321000232,96.014795185
2405.035933625,96.033819311
2405.750867018,96.022607906
2406.465800410,96.011396501
2407.180733803,96.021208004
2407.895667196,96.042230911
2408.610600589,96.063253819
2409.325533982,96.084276727
2410.040467375,96.132375496
2410.755400768,96.159451357
2411.470334161,96.186527219
2412.185267553,96.199691205
2412.900200946,96.212855192
2413.615134339,96.198943317
2414.330067732,96.185031442
2415.045001125,96.153302126
2415.759934518,96.135484685
2416.474867911,96.117667243
2417.189801304,96.099849802
2417.904734696,96.085025638
2418.619668089,96.088018916
2419.334601482,96.091012193
2420.049534875,96.092507524
2420.764468268,96.094002854
2421.479401661,96.092504907
2422.194335054,96.091006960
2422.909268447,96.070085083
2423.624201839,96.050661153
2424.339135232,96.031237223
2425.054068625,96.011813293
2425.769002018,96.028368320
2426.483935411,96.064347277
2427.198868804,96.100326234
2427.913802197,96.088765740
2428.628735590,96.077205246
2429.343668982,96.029665795
2430.058602375,95.982126345
2430.773535768,95.941602256
2431.488469161,95.948617619
2432.203402554,95.955632982
2432.918335947,95.962648344
2433.633269340,95.956378985
2434.348202733,95.943094264
2435.063136125,95.929809542
2435.778069518,95.939640172
2436.493002911,95.949470803
2437.207936304,95.972586154
2437.922869697,95.995701506
2438.637803090,95.985252745
2439.352736483,95.951688633
2440.067669876,95.918124521
2440.782603268,95.884560409
2441.497536661,95.860016587
2442.212470054,95.869036878
2442.927403447,95.878057168
2443.642336840,95.887077459
2444.357270233,95.972605238
2445.072203626,96.049112727
2445.787137018,96.125620216
2446.502070411,96.179792767
2447.217003804,96.233965318
2447.931937197,96.211630380
2448.646870590,96.189295442
2449.361803983,96.122720511
2450.076737376,96.078480518
2450.791670769,96.034240525
2451.506604161,95.990000532
2452.221537554,95.945650877
2452.936470947,95.945541215
2453.651404340,95.945431552
2454.366337733,95.945321890
2455.081271126,95.929996539
2455.796204519,95.914780852
2456.511137912,95.899565164
2457.226071304,95.923395548
2457.941004697,95.947225932
2458.655938090,95.986272004
2459.370871483,96.025318075
2460.085804876,96.028670083
2460.800738269,95.992976019
2461.515671662,95.957281956
2462.230605055,95.921587892
2462.945538447,95.902761966
2463.660471840,95.919630103
2464.375405233,95.936498240
2465.090338626,95.953366378
2465.805272019,96.016079379
2466.520205412,96.061924243
2467.235138805,96.107769106
2467.950072198,96.153613970
2468.665005590,96.113176251
2469.379938983,96.026893668
2470.094872376,95.940611086
2470.809805769,95.881019182
2471.524739162,95.821427278
2472.239672555,95.848117957
2472.954605948,95.874808636
2473.669539341,95.933581491
2474.384472733,95.965663668
2475.099406126,95.997745845
2475.814339519,96.029828022
2476.529272912,96.046293563
2477.244206305,96.030676927
2477.959139698,96.015060291
2478.674073091,95.999443654
2479.389006484,95.999021129
2480.103939876,96.014215239
2480.818873269,96.029409349
2481.533806662,96.044603460
2482.248740055,96.048626353
2482.963673448,96.037455136
2483.678606841,96.026283918
2484.393540234,96.015112701
2485.108473627,95.995467414
2485.823407019,95.986993344
2486.538340412,95.978519274
2487.253273805,95.998495453
2487.968207198,96.018471631
2488.683140591,96.046921879
2489.398073984,96.075372127
2490.113007377,96.108692223
2490.827940769,96.113562071
2491.542874162,96.118431920
2492.257807555,96.123301768
2492.972740948,96.103522290
2493.687674341,96.078872963
2494.402607734,96.054223637
2495.117541127,96.029574310
2495.832474520,95.994218478
2496.547407912,95.983511973
2497.262341305,95.972805468
2497.977274698,95.962098962
2498.692208091,95.977501679
2499.407141484,96.003610902
2500.122074877,96.029720124
2500.837008270,96.055829346
2501.551941663,96.061604937
2502.266875055,96.041271306
2502.981808448,96.020937675
2503.696741841,96.000604044
2504.411675234,96.011053765
2505.126608627,96.041837119
2505.841542020,96.072620472
2506.556475413,96.103403825
2507.271408806,96.127699705
2507.986342198,96.121212232
2508.701275591,96.114724759
2509.416208984,96.108237286
2510.131142377,96.080718955
2510.846075770,96.059688097
2511.561009163,96.038657239
2512.275942556,96.017626381
2512.990875949,96.047973908
2513.705809341,96.099352293
2514.420742734,96.150730679
2515.135676127,96.202109064
2515.850609520,96.287087094
2516.565542913,96.320686739
2517.280476306,96.354286384
2517.995409699,96.387886029
2518.710343092,96.315454813
2519.425276484,96.209423952
2520.140209877,96.103393090
2520.855143270,95.997362229
2521.570076663,95.924413517
2522.285010056,95.957495667
2522.999943449,95.990577817
2523.714876842,96.023659967
2524.429810235,96.059645266
2525.144743627,96.062548416
2525.859677020,96.065451566
2526.574610413,96.068354716
2527.289543806,96.049828664
2528.004477199,96.028399462
2528.719410592,96.006970260
2529.434343985,95.985541058
2530.149277377,96.017756328
2530.864210770,96.071400801
2531.579144163,96.125045273
2532.294077556,96.178689746
2533.009010949,96.219149786
2533.723944342,96.205965354
2534.438877735,96.192780922
2535.153811128,96.179596491
2535.868744520,96.146725544
2536.583677913,96.127039030
2537.298611306,96.107352515
2538.013544699,96.087666001
2538.728478092,96.027329623
2539.443411485,95.986679758
2540.158344878,95.946029894
2540.873278271,95.905380030
2541.588211663,95.881469401
2542.303145056,95.898208635
2543.018078449,95.914947870
2543.733011842,95.931687104
2544.447945235,95.945108633
2545.162878628,95.941790926
2545.877812021,95.938473220
2546.592745414,95.935155513
2547.307678806,95.967771656
2548.022612199,96.003705506
2548.737545592,96.039639355
2549.452478985,96.075573205
2550.167412378,96.098146006
2550.882345771,96.084784957
2551.597279164,96.071423909
2552.312212557,96.058062860
2553.027145949,96.059081430
2553.742079342,96.073461049
2554.457012735,96.087840667
2555.171946128,96.102220285
2555.886879521,96.098210787
2556.601812914,96.079821671
2557.316746307,96.061432554
2558.031679700,96.043043438
2558.746613092,96.016964336
2559.461546485,96.009274351
2560.176479878,96.001584365
2560.891413271,95.993894380
2561.606346664,96.023305952
2562.321280057,96.060407509
2563.036213450,96.097509066
2563.751146843,96.134610623
2564.466080235,96.173564932
2565.181013628,96.175417683
2565.895947021,96.177270434
2566.610880414,96.179123185
2567.325813807,96.163918805
2568.040747200,96.146861674
2568.755680593,96.129804543
2569.470613986,96.112747412
2570.185547378,96.095690280
2570.900480771,96.085571740
2571.615414164,96.075453201
2572.330347557,96.065334661
2573.045280950,96.055216121
2573.760214343,96.046277152
2574.475147736,96.047456724
2575.190081128,96.048636295
2575.905014521,96.049815867
2576.619947914,96.076940650
2577.334881307,96.102885861
2578.049814700,96.128831072
2578.764748093,96.154776283
2579.479681486,96.127662408
2580.194614879,96.074603323
2580.909548271,96.021544238
2581.624481664,95.968485153
2582.339415057,95.925895770
2583.054348450,95.936365472
2583.769281843,95.946835174
2584.484215236,95.957304876
2585.199148629,95.960739888
2585.914082022,95.953705198
2586.629015414,95.946670508
2587.343948807,95.939635817
2588.058882200,95.932601127
2588.773815593,95.965720239
2589.488748986,95.998839351
2590.203682379,96.031958462
2590.918615772,96.065077574
2591.633549165,96.063455887
2592.348482557,96.028715088
2593.063415950,95.993974289
2593.778349343,95.959233490
2594.493282736,95.940770922
2595.208216129,95.957049153
2595.923149522,95.973327385
2596.638082915,95.989605616
2597.353016308,95.995043858
2598.067949700,95.984203869
2598.782883093,95.973363879
2599.497816486,95.962523890
2600.212749879,95.966696992
2600.927683272,95.981710084
2601.642616665,95.996723176
2602.357550058,96.011736268
2603.072483451,96.026749360
2603.787416843,95.980851768
2604.502350236,95.934954177
2605.217283629,95.889056585
2605.932217022,95.843158994
2606.647150415,95.809841186
2607.362083808,95.822420971
2608.077017201,95.835000755
2608.791950594,95.847580539
2609.506883986,95.830872122
2610.221817379,95.801583920
2610.936750772,95.772295718
2611.651684165,95.743007516
2612.366617558,95.729849643
2613.081550951,95.745979972
2613.796484344,95.762110301
2614.511417737,95.778240631
2615.226351129,95.794370960
2615.941284522,95.803788724
2616.656217915,95.813206488
2617.371151308,95.822624252
2618.086084701,95.832042017
2618.801018094,95.808326493
2619.515951487,95.775193205
2620.230884879,95.742059917
2620.945818272,95.708926630
2621.660751665,95.672080250
2622.375685058,95.668367159
2623.090618451,95.664654068
2623.805551844,95.660940977
2624.520485237,95.657227885
2625.235418630,95.686128056
2625.950352022,95.715028226
2626.665285415,95.743928396
2627.380218808,95.772828566
2628.095152201,95.753627992
2628.810085594,95.705527247
2629.525018987,95.657426503
2630.239952380,95.609325759
2630.954885773,95.569054529
2631.669819165,95.576884045
2632.384752558,95.584713560
2633.099685951,95.592543075
2633.814619344,95.600372590
2634.529552737,95.604334503
2635.244486130,95.608296415
2635.959419523,95.612258328
2636.674352916,95.616220240
2637.389286308,95.596133434
2638.104219701,95.572084716
2638.819153094,95.548035997
2639.534086487,95.523987279
2640.249019880,95.481915674
2640.963953273,95.463892787
2641.678886666,95.445869900
2642.393820059,95.427847013
2643.108753451,95.409824126
2643.823686844,95.395286374
2644.538620237,95.380748623
2645.253553630,95.366210871
2645.968487023,95.351673119
2646.683420416,95.343509721
2647.398353809,95.349884074
2648.113287202,95.356258427
2648.828220594,95.362632780
2649.543153987,95.368029305
2650.258087380,95.367051477
2650.973020773,95.366073649
2651.687954166,95.365095820
2652.402887559,95.364117992
2653.117820952,95.375520942
2653.832754345,95.386923893
2654.547687737,95.398326843
2655.262621130,95.409729793
2655.977554523,95.401634105
2656.692487916,95.382135466
2657.407421309,95.362636827
2658.122354702,95.343138188
2658.837288095,95.323639549
2659.552221488,95.315548258
2660.267154880,95.307456967
2660.982088273,95.299365676
2661.697021666,95.291274385
2662.411955059,95.263441216
2663.126888452,95.243699337
2663.841821845,95.223957458
2664.556755238,95.204215579
2665.271688630,95.184473700
2665.986622023,95.217063818
2666.701555416,95.249653935
2667.416488809,95.282244053
2668.131422202,95.314834171
2668.846355595,95.291825541
2669.561288988,95.236226794
2670.276222381,95.180628047
2670.991155773,95.125029300
2671.706089166,95.105371529
2672.421022559,95.141312505
2673.135955952,95.177253481
2673.850889345,95.213194457
2674.565822738,95.249135433
2675.280756131,95.221602925
2675.995689524,95.194070417
2676.710622916,95.166537910
2677.425556309,95.139005402
2678.140489702,95.112466293
2678.855423095,95.113459691
2679.570356488,95.114453089
2680.285289881,95.115446487
2681.000223274,95.116439885
2681.715156667,95.087831999
2682.430090059,95.059224113
2683.145023452,95.030616227
2683.859956845,95.002008341
2684.574890238,95.001066232
2685.289823631,95.028732009
2686.004757024,95.056397786
2686.719690417,95.084063563
2687.434623810,95.111729340
2688.149557202,95.087735640
2688.864490595,95.063741940
2689.579423988,95.039748241
2690.294357381,95.015754541
2691.009290774,94.989974998
2691.724224167,94.988189155
2692.439157560,94.986403313
2693.154090953,94.984617470
2693.869024345,94.982831627
2694.583957738,94.970976264
2695.298891131,94.959120900
2696.013824524,94.947265537
2696.728757917,94.935410174
2697.443691310,94.923554811
2698.158624703,94.923448946
2698.873558096,94.923343082
2699.588491488,94.923237218
2700.303424881,94.923131354
2701.018358274,94.922295178
2701.733291667,94.921564866
2702.448225060,94.920834554
2703.163158453,94.920104243
2703.878091846,94.919373931
2704.593025239,94.889663472
2705.307958631,94.859953012
2706.022892024,94.830242553
2706.737825417,94.800532093
2707.452758810,94.781378464
2708.167692203,94.791935294
2708.882625596,94.802492124
2709.597558989,94.813048954
2710.312492381,94.823605784
2711.027425774,94.819235605
2711.742359167,94.814865426
2712.457292560,94.810495247
2713.172225953,94.806125068
2713.887159346,94.791710623
2714.602092739,94.781666356
2715.317026132,94.771622090
2716.031959524,94.761577823
2716.746892917,94.751533556
2717.461826310,94.719473294
2718.176759703,94.687413031
2718.891693096,94.655352768
2719.606626489,94.623292506
2720.321559882,94.591232243
2721.036493275,94.596937860
2721.751426667,94.602643477
2722.466360060,94.608349093
2723.181293453,94.614054710
2723.896226846,94.611044403
2724.611160239,94.602328480
2725.326093632,94.593612556
2726.041027025,94.584896632
2726.755960418,94.576180709
2727.470893810,94.585505533
2728.185827203,94.594830357
2728.900760596,94.604155181
2729.615693989,94.613480006
2730.330627382,94.622804830
2731.045560775,94.608321962
2731.760494168,94.593839093
2732.475427561,94.579356225
2733.190360953,94.564873356
2733.905294346,94.544068331
2734.620227739,94.537746173
2735.335161132,94.531424016
2736.050094525,94.525101858
2736.765027918,94.518779701
2737.479961311,94.523887367
2738.194894704,94.528995033
2738.909828096,94.534102698
2739.624761489,94.539210364
2740.339694882,94.544318030
2741.054628275,94.500526434
2741.769561668,94.456734839
2742.484495061,94.412943244
2743.199428454,94.369151649
2743.914361847,94.350591538
2744.629295239,94.375823023
2745.344228632,94.401054507
2746.059162025,94.426285991
2746.774095418,94.451517476
2747.489028811,94.440899541
2748.203962204,94.430281607
2748.918895597,94.419663672
2749.633828990,94.409045738
2750.348762382,94.398427803
2751.063695775,94.373912767
2751.778629168,94.349397731
2752.493562561,94.324882695
2753.208495954,94.300367659
2753.923429347,94.275852623
2754.638362740,94.293088180
2755.353296132,94.310323737
2756.068229525,94.327559294
2756.783162918,94.344794851
2757.498096311,94.351532600
2758.213029704,94.341034791
2758.927963097,94.330536983
2759.642896490,94.320039174
2760.357829883,94.309541366
2761.072763275,94.290398702
2761.787696668,94.271256038
2762.502630061,94.252113375
2763.217563454,94.232970711
2763.932496847,94.213828047
2764.647430240,94.189343758
2765.362363633,94.164859468
2766.077297026,94.140375179
2766.792230418,94.115890889
2767.507163811,94.091406599
2768.222097204,94.106263293
2768.937030597,94.121119986
2769.651963990,94.135976679
2770.366897383,94.150833373
2771.081830776,94.160747629
2771.796764169,94.155805193
2772.511697561,94.150862756
2773.226630954,94.145920319
2773.941564347,94.140977883
2774.656497740,94.084484589
2775.371431133,94.027991295
2776.086364526,93.971498002
2776.801297919,93.915004708
2777.516231312,93.858511415
2778.231164704,93.871604845
2778.946098097,93.884698275
2779.661031490,93.897791705
2780.375964883,93.910885135
2781.090898276,93.923978565
2781.805831669,93.908719299
2782.520765062,93.893460034
2783.235698455,93.878200768
2783.950631847,93.862941502
2784.665565240,93.847682236
2785.380498633,93.832410349
2786.095432026,93.817138462
2786.810365419,93.801866575
2787.525298812,93.786594688
2788.240232205,93.771322801
2788.955165598,93.765196509
2789.670098990,93.759070217
2790.385032383,93.752943924
2791.099965776,93.746817632
2791.814899169,93.740691339
2792.529832562,93.705419204
2793.244765955,93.670147069
2793.959699348,93.634874934
2794.674632741,93.599602799
2795.389566133,93.573451312
2796.104499526,93.582571961
2796.819432919,93.591692609
2797.534366312,93.600813258
2798.249299705,93.609933906
2798.964233098,93.587670332
2799.679166491,93.565406758
2800.394099883,93.543143184
2801.109033276,93.520879610
2801.823966669,93.498616036
2802.538900062,93.456282023
2803.253833455,93.413948011
2803.968766848,93.371613998
2804.683700241,93.329279986
2805.398633634,93.286945974
2806.113567026,93.273990697
2806.828500419,93.261035421
2807.543433812,93.248080144
2808.258367205,93.235124868
2808.973300598,93.222169592
2809.688233991,93.206801761
2810.403167384,93.191433930
2811.118100777,93.176066099
2811.833034169,93.160698269
2812.547967562,93.145330438
2813.262900955,93.126311407
2813.977834348,93.107292377
2814.692767741,93.088273347
2815.407701134,93.069254316
2816.122634527,93.050235286
2816.837567920,93.016634643
2817.552501312,92.983034000
2818.267434705,92.949433358
2818.982368098,92.915832715
2819.697301491,92.882232072
2820.412234884,92.882068985
2821.127168277,92.881905897
2821.842101670,92.881742809
2822.557035063,92.881579721
2823.271968455,92.881416633
2823.986901848,92.830251697
2824.701835241,92.779086760
2825.416768634,92.727921823
2826.131702027,92.676756886
2826.846635420,92.625591950
2827.561568813,92.592645504
2828.276502206,92.559699058
2828.991435598,92.526752612
2829.706368991,92.493806167
2830.421302384,92.460859721
2831.136235777,92.420448588
2831.851169170,92.380037455
2832.566102563,92.339626322
2833.281035956,92.299215189
2833.995969349,92.258804056
2834.710902741,92.204113988
2835.425836134,92.149423921
2836.140769527,92.094733854
2836.855702920,92.040043787
2837.570636313,91.985353719
2838.285569706,91.935844997
2839.000503099,91.886336275
2839.715436492,91.836827553
2840.430369884,91.787318831
2841.145303277,91.737810109
2841.860236670,91.614006668
2842.575170063,91.490203227
2843.290103456,91.366399787
2844.005036849,91.242596346
2844.719970242,91.118792905
2845.434903634,90.916389337
2846.149837027,90.713985768
2846.864770420,90.511582200
2847.579703813,90.309178631
2848.294637206,90.106775063
2849.009570599,90.121693355
2849.724503992,90.136611647
2850.439437385,90.151529939
2851.154370777,90.166448231
2851.869304170,90.181366523
2852.584237563,90.257161701
2853.299170956,90.332956880
2854.014104349,90.408752059
2854.729037742,90.484547237
2855.443971135,90.560342416
2856.158904528,90.586857060
2856.873837920,90.613371704
2857.588771313,90.636098542
2858.303704706,90.655037573
2859.018638099,90.673976605
2859.733571492,90.698344055
2860.448504885,90.703772473
2861.163438278,90.709200892
2861.878371671,90.714629310
2862.593305063,90.720057729
2863.308238456,90.708127272
2864.023171849,90.696196815
2864.738105242,90.678837939
2865.453038635,90.661479063
2866.167972028,90.644120188
2866.882905421,90.608072393
2867.597838814,90.572024599
2868.312772206,90.553335680
2869.027705599,90.534646761
2869.742638992,90.515957842
2870.457572385,90.467555734
2871.172505778,90.419153626
2871.887439171,90.389440437
2872.602372564,90.359727248
2873.317305957,90.330014059
2874.032239349,90.278883318
2874.747172742,90.227752577
2875.462106135,90.206335026
2876.177039528,90.184917474
2876.891972921,90.163499922
2877.606906314,90.131648363
2878.321839707,90.099796803
2879.036773100,90.089362795
2879.751706492,90.078928787
2880.466639885,90.068494779
2881.181573278,90.058060771
2881.896506671,90.009215316
2882.611440064,89.970803869
2883.326373457,89.932392423
2884.041306850,89.893980976
2884.756240242,89.855569530
2885.471173635,89.768165579
2886.186107028,89.680761629
2886.901040421,89.631769125
2887.615973814,89.582776621
2888.330907207,89.533784117
2889.045840600,89.448158995
2889.760773993,89.362533873
2890.475707385,89.325901255
2891.190640778,89.289268637
2891.905574171,89.252636018
2892.620507564,89.153691963
2893.335440957,89.054747907
2894.050374350,88.992436470
2894.765307743,88.930125032
2895.480241136,88.867813595
2896.195174528,88.771357374
2896.910107921,88.674901154
2897.625041314,88.640756371
2898.339974707,88.606611587
2899.054908100,88.572466804
2899.769841493,88.538322021
2900.484774886,88.481908490
2901.199708279,88.459639743
2901.914641671,88.437370995
2902.629575064,88.415102248
2903.344508457,88.392833501
2904.059441850,88.303812138
2904.774375243,88.214790775
2905.489308636,88.148038160
2906.204242029,88.081285545
2906.919175422,88.014532930
2907.634108814,87.853146467
2908.349042207,87.691760004
2909.063975600,87.597126156
2909.778908993,87.502492309
2910.493842386,87.407858461
2911.208775779,87.313224614
2911.923709172,87.052989894
2912.638642565,86.887389022
2913.353575957,86.721788150
2914.068509350,86.556187278
2914.783442743,86.390586406
2915.498376136,86.159135459
2916.213309529,85.927684511
2916.928242922,85.861834435
2917.643176315,85.795984359
2918.358109708,85.730134284
2919.073043100,85.708679492
2919.787976493,85.687224701
2920.502909886,85.731619985
2921.217843279,85.776015270
2921.932776672,85.820410554
2922.647710065,85.864805838
2923.362643458,85.961661284
2924.077576851,86.014121445
2924.792510243,86.066581606
2925.507443636,86.119041767
2926.222377029,86.171501929
2926.937310422,86.243480665
2927.652243815,86.315459400
2928.367177208,86.334977975
2929.082110601,86.354496550
2929.797043993,86.374015125
2930.511977386,86.392691259
2931.226910779,86.411367393
2931.941844172,86.410524953
2932.656777565,86.409682513
2933.371710958,86.408840072
2934.086644351,86.407997632
2934.801577744,86.394628062
2935.516511136,86.382100931
2936.231444529,86.369573801
2936.946377922,86.357046671
2937.661311315,86.344519541
2938.376244708,86.346322036
2939.091178101,86.348124532
2939.806111494,86.362454157
2940.521044887,86.376783783
2941.235978279,86.391113409
2941.950911672,86.406172277
2942.665845065,86.421231146
2943.380778458,86.421960389
2944.095711851,86.422689633
2944.810645244,86.423418876
2945.525578637,86.424148119
2946.240512030,86.479792079
2946.955445422,86.534706795
2947.670378815,86.589621512
2948.385312208,86.644536229
2949.100245601,86.699450945
2949.815178994,86.723504776
2950.530112387,86.747558607
2951.245045780,86.716697722
2951.959979173,86.685836836
2952.674912565,86.654975950
2953.389845958,86.624115064
2954.104779351,86.589372339
2954.819712744,86.585490499
2955.534646137,86.581608660
2956.249579530,86.577726820
2956.964512923,86.573844980
2957.679446316,86.558686743
2958.394379708,86.543528505
2959.109313101,86.532252108
2959.824246494,86.520975710
2960.539179887,86.509699312
2961.254113280,86.498422914
2961.969046673,86.511836990
2962.683980066,86.536527464
2963.398913459,86.561217938
2964.113846851,86.585908412
2964.828780244,86.610598886
2965.543713637,86.633452532
2966.258647030,86.656306178
2966.973580423,86.654469350
2967.688513816,86.652632522
2968.403447209,86.650795694
2969.118380602,86.648958867
2969.833313994,86.664858687
2970.548247387,86.682595335
2971.263180780,86.700331984
2971.978114173,86.718068632
2972.693047566,86.735805280
2973.407980959,86.740759358
2974.122914352,86.745713435
2974.837847744,86.732930864
2975.552781137,86.720148293
2976.267714530,86.707365722
2976.982647923,86.694583152
2977.697581316,86.686688189
2978.412514709,86.691575796
2979.127448102,86.696463404
2979.842381495,86.701351012
2980.557314887,86.706238620
2981.272248280,86.648715510
2981.987181673,86.591192400
2982.702115066,86.528781681
2983.417048459,86.466370963
2984.131981852,86.403960245
2984.846915245,86.341549527
2985.561848638,86.264729577
2986.276782030,86.250320346
2986.991715423,86.235911114
2987.706648816,86.221501883
2988.421582209,86.207092651
2989.136515602,86.192683419
2989.851448995,86.135437793
2990.566382388,86.092601399
2991.281315781,86.049765005
2991.996249173,86.006928610
2992.711182566,85.964092216
2993.426115959,85.871556516
2994.141049352,85.779020815
2994.855982745,85.729321510
2995.570916138,85.679622204
2996.285849531,85.629922898
2997.000782924,85.580223593
2997.715716316,85.491792972
2998.430649709,85.453061657
2999.145583102,85.414330342
2999.860516495,85.375599027
3000.575449888,85.336867712
3001.290383281,85.245487464
3002.005316674,85.154107216
3002.720250067,85.101458283
3003.435183459,85.048809350
3004.150116852,84.996160417
3004.865050245,84.943511484
3005.579983638,84.819277343
3006.294917031,84.747692136
3007.009850424,84.676106928
3007.724783817,84.604521720
3008.439717210,84.532936512
3009.154650602,84.461351305
3009.869583995,84.325943726
3010.584517388,84.262121355
3011.299450781,84.198298984
3012.014384174,84.134476613
3012.729317567,84.070654243
3013.444250960,83.951647462
3014.159184353,83.832640682
3014.874117745,83.777456272
3015.589051138,83.722271863
3016.303984531,83.667087453
3017.018917924,83.611903044
3017.733851317,83.489323299
3018.448784710,83.421927963
3019.163718103,83.354532627
3019.878651495,83.287137291
3020.593584888,83.219741955
3021.308518281,83.152346619
3022.023451674,83.025937531
3022.738385067,82.966923779
3023.453318460,82.907910027
3024.168251853,82.848896275
3024.883185246,82.789882524
3025.598118638,82.730868772
3026.313052031,82.623209602
3027.027985424,82.574564185
3027.742918817,82.525918767
3028.457852210,82.477273349
3029.172785603,82.428627932
3029.887718996,82.282532929
3030.602652389,82.136437927
3031.317585781,82.038988342
3032.032519174,81.941538757
3032.747452567,81.844089172
3033.462385960,81.746639587
3034.177319353,81.582704474
3034.892252746,81.516218947
3035.607186139,81.449733419
3036.322119532,81.383247892
3037.037052924,81.316762364
3037.751986317,81.250276837
3038.466919710,81.103726783
3039.181853103,81.023662256
3039.896786496,80.943597729
3040.611719889,80.863533203
3041.326653282,80.783468676
3042.041586675,80.703404150
3042.756520067,80.556847226
3043.471453460,80.490354830
3044.186386853,80.423862433
3044.901320246,80.357370036
3045.616253639,80.290877639
3046.331187032,80.127722454
3047.046120425,79.964567268
3047.761053818,79.867904480
3048.475987210,79.771241691
3049.190920603,79.674578902
3049.905853996,79.577916114
3050.620787389,79.403695976
3051.335720782,79.326138627
3052.050654175,79.248581278
3052.765587568,79.171023930
3053.480520961,79.093466581
3054.195454353,79.015909232
3054.910387746,78.852504160
3055.625321139,78.766656437
3056.340254532,78.680808714
3057.055187925,78.594960991
3057.770121318,78.509113268
3058.485054711,78.423265545
3059.199988104,78.258515796
3059.914921496,78.179613770
3060.629854889,78.100711744
3061.344788282,78.021809718
3062.059721675,77.942907692
3062.774655068,77.864005666
3063.489588461,77.677863668
3064.204521854,77.570623696
3064.919455246,77.463383723
3065.634388639,77.356143751
3066.349322032,77.248903778
3067.064255425,77.141663806
3067.779188818,76.952565470
3068.494122211,76.870707107
3069.209055604,76.788848744
3069.923988997,76.706990381
3070.638922389,76.625132018
3071.353855782,76.543273655
3072.068789175,76.375999550
3072.783722568,76.290583808
3073.498655961,76.205168066
3074.213589354,76.119752324
3074.928522747,76.034336582
3075.643456140,75.948920840
3076.358389532,75.758160034
3077.073322925,75.652814969
3077.788256318,75.547469904
3078.503189711,75.442124840
3079.218123104,75.336779775
3079.933056497,75.133171401
3080.647989890,74.929563026
3081.362923283,74.831299717
3082.077856675,74.733036407
3082.792790068,74.634773097
3083.507723461,74.536509787
3084.222656854,74.320170123
3084.937590247,74.202093769
3085.652523640,74.084017415
3086.367457033,73.965941060
3087.082390426,73.847864706
3087.797323818,73.729788352
3088.512257211,73.546202638
3089.227190604,73.480693278
3089.942123997,73.415183918
3090.657057390,73.349674558
3091.371990783,73.284165198
3092.086924176,73.218655838
3092.801857569,73.037441925
3093.516790961,72.921737371
3094.231724354,72.806032818
3094.946657747,72.690328265
3095.661591140,72.574623712
3096.376524533,72.458919159
3097.091457926,72.227886058
3097.806391319,72.112557511
3098.521324712,71.997228963
3099.236258104,71.881900416
3099.951191497,71.766571868
3100.666124890,71.651243321
3101.381058283,71.449021728
3102.095991676,71.362128683
3102.810925069,71.275235638
3103.525858462,71.188342593
3104.240791855,71.101449548
3104.955725247,71.014556503
3105.670658640,70.826009432
3106.385592033,70.724355406
3107.100525426,70.622701380
3107.815458819,70.521047355
3108.530392212,70.419393329
3109.245325605,70.317739303
3109.960258997,70.109146726
3110.675192390,70.002208175
3111.390125783,69.895269623
3112.105059176,69.788331072
3112.819992569,69.681392521
3113.534925962,69.574453970
3114.249859355,69.467515419
3114.964792748,69.353509367
3115.679726140,69.239503315
3116.394659533,69.125497263
3117.109592926,69.011491211
3117.824526319,68.897485159
3118.539459712,68.783479106
3119.254393105,68.559488789
3119.969326498,68.449504524
3120.684259891,68.339520258
3121.399193283,68.229535993
3122.114126676,68.119551728
3122.829060069,68.009567462
3123.543993462,67.808009280
3124.258926855,67.716435364
3124.973860248,67.624861448
3125.688793641,67.533287531
3126.403727034,67.441713615
3127.118660426,67.350139699
3127.833593819,67.144103487
3128.548527212,67.029641192
3129.263460605,66.915178897
3129.978393998,66.800716602
3130.693327391,66.686254307
3131.408260784,66.571792012
3132.123194177,66.327038578
3132.838127569,66.196747439
3133.553060962,66.066456301
3134.267994355,65.936165162
3134.982927748,65.805874023
3135.697861141,65.675582885
3136.412794534,65.430312750
3137.127727927,65.315333754
3137.842661320,65.200354758
3138.557594712,65.085375762
3139.272528105,64.970396766
3139.987461498,64.855417771
3140.702394891,64.634942707
3141.417328284,64.529446640
3142.132261677,64.423950572
3142.847195070,64.318454505
3143.562128463,64.212958438
3144.277061855,64.107462370
3144.991995248,63.895632118
3145.706928641,63.789297934
3146.421862034,63.682963750
3147.136795427,63.576629565
3147.851728820,63.470295381
3148.566662213,63.363961197
3149.281595606,63.257627012
3149.996528998,63.125667265
3150.711462391,62.993707517
3151.426395784,62.861747769
3152.141329177,62.729788022
3152.856262570,62.597828274
3153.571195963,62.465868527
3154.286129356,62.232211946
3155.001062748,62.130515114
3155.715996141,62.028818282
3156.430929534,61.927121449
3157.145862927,61.825424617
3157.860796320,61.723727784
3158.575729713,61.513924508
3159.290663106,61.405818065
3160.005596499,61.297711621
3160.720529891,61.189605178
3161.435463284,61.081498734
3162.150396677,60.973392291
3162.865330070,60.773510761
3163.580263463,60.681735674
3164.295196856,60.589960588
3165.010130249,60.498185501
3165.725063642,60.406410415
3166.439997034,60.314635329
3167.154930427,60.222860242
3167.869863820,60.120346395
3168.584797213,60.017832547
3169.299730606,59.915318700
3170.014663999,59.812804853
3170.729597392,59.710291005
3171.444530785,59.607777158
3172.159464177,59.385691036
3172.874397570,59.266118762
3173.589330963,59.146546488
3174.304264356,59.026974213
3175.019197749,58.907401939
3175.734131142,58.787829665
3176.449064535,58.584721056
3177.163997928,58.501184722
3177.878931320,58.417648387
3178.593864713,58.334112053
3179.308798106,58.250575718
3180.023731499,58.167039384
3180.738664892,58.083503049
3181.453598285,57.996547808
3182.168531678,57.909592567
3182.883465071,57.822637325
3183.598398463,57.735682084
3184.313331856,57.648726843
3185.028265249,57.561771602
3185.743198642,57.370062899
3186.458132035,57.265309437
3187.173065428,57.160555975
3187.887998821,57.055802513
3188.602932214,56.951049051
3189.317865606,56.846295589
3190.032798999,56.652952116
3190.747732392,56.564362105
3191.462665785,56.475772094
3192.177599178,56.387182083
3192.892532571,56.298592072
3193.607465964,56.210002062
3194.322399357,56.121412051
3195.037332749,56.051989878
3195.752266142,55.982567706
3196.467199535,55.913145533
3197.182132928,55.843723361
3197.897066321,55.774301188
3198.611999714,55.704879016
3199.326933107,55.560469871
3200.041866499,55.485482900
3200.756799892,55.410495928
3201.471733285,55.335508956
3202.186666678,55.260521985
3202.901600071,55.185535013
3203.616533464,55.110548042
3204.331466857,55.047326751
3205.046400250,54.984105461
3205.761333642,54.920884171
3206.476267035,54.857662881
3207.191200428,54.794441591
3207.906133821,54.731220301
3208.621067214,54.598123651
3209.336000607,54.528248291
3210.050934000,54.458372931
3210.765867393,54.388497571
3211.480800785,54.318622212
3212.195734178,54.248746852
3212.910667571,54.122624915
3213.625600964,54.066378338
3214.340534357,54.010131760
3215.055467750,53.953885183
3215.770401143,53.897638606
3216.485334536,53.841392029
3217.200267928,53.785145451
3217.915201321,53.722890667
3218.630134714,53.660635883
3219.345068107,53.598381099
3220.060001500,53.536126315
3220.774934893,53.473871530
3221.489868286,53.411616746
3222.204801679,53.306752350
3222.919735071,53.264142738
3223.634668464,53.221533126
3224.349601857,53.178923514
3225.064535250,53.136313902
3225.779468643,53.093704290
3226.494402036,53.051094678
3227.209335429,53.019780183
3227.924268822,52.988465688
3228.639202214,52.957151193
3229.354135607,52.925836699
3230.069069000,52.894522204
3230.784002393,52.863207709
3231.498935786,52.786265614
3232.213869179,52.740638015
3232.928802572,52.695010415
3233.643735965,52.649382815
3234.358669357,52.603755215
3235.073602750,52.558127616
3235.788536143,52.512500016
3236.503469536,52.492491462
3237.218402929,52.472482909
3237.933336322,52.452474355
3238.648269715,52.432465801
3239.363203108,52.412457248
3240.078136500,52.392448694
3240.793069893,52.372440140
3241.508003286,52.347467493
3242.222936679,52.322494845
3242.937870072,52.297522197
3243.652803465,52.272549550
3244.367736858,52.247576902
3245.082670250,52.222604255
3245.797603643,52.179053575
3246.512537036,52.160475542
3247.227470429,52.141897510
3247.942403822,52.123319478
3248.657337215,52.104741445
3249.372270608,52.086163413
3250.087204001,52.067585381
3250.802137393,52.042646989
3251.517070786,52.017708596
3252.232004179,51.992770204
3252.946937572,51.967831812
3253.661870965,51.942893419
3254.376804358,51.917955027
3255.091737751,51.887318667
3255.806671144,51.881620699
3256.521604536,51.875922731
3257.236537929,51.870224763
3257.951471322,51.864526795
3258.666404715,51.858828826
3259.381338108,51.853130858
3260.096271501,51.835517564
3260.811204894,51.817904270
3261.526138287,51.800290976
3262.241071679,51.782677681
3262.956005072,51.765064387
3263.670938465,51.747451093
3264.385871858,51.729837798
3265.100805251,51.703846919
3265.815738644,51.677856041
3266.530672037,51.651865162
3267.245605430,51.625874283
3267.960538822,51.599883404
3268.675472215,51.573892525
3269.390405608,51.547241293
3270.105339001,51.546580939
3270.820272394,51.545920585
3271.535205787,51.545260231
3272.250139180,51.544599877
3272.965072573,51.543939523
3273.680005965,51.543279169
3274.394939358,51.538602699
3275.109872751,51.533926229
3275.824806144,51.529249759
3276.539739537,51.524573289
3277.254672930,51.519896819
3277.969606323,51.515220349
3278.684539716,51.510543878
3279.399473108,51.502582658
3280.114406501,51.494621438
3280.829339894,51.486660218
3281.544273287,51.478698998
3282.259206680,51.470737778
3282.974140073,51.462776558
3283.689073466,51.454815338
3284.404006858,51.448530733
3285.118940251,51.442246128
3285.833873644,51.435961523
3286.548807037,51.429676918
3287.263740430,51.423392313
3287.978673823,51.417107708
3288.693607216,51.403692269
3289.408540609,51.396561434
3290.123474001,51.389430600
3290.838407394,51.382299766
3291.553340787,51.375168932
3292.268274180,51.368038098
3292.983207573,51.360907264
3293.698140966,51.341678753
3294.413074359,51.322450242
3295.128007752,51.303221731
3295.842941144,51.283993220
3296.557874537,51.264764709
3297.272807930,51.245536199
3297.987741323,51.226307688
3298.702674716,51.218744309
3299.417608109,51.211180931
3300.132541502,51.203617553
3300.847474895,51.196054174
3301.562408287,51.188490796
3302.277341680,51.180927417
3302.992275073,51.173364039
3303.707208466,51.166455544
3304.422141859,51.159547050
3305.137075252,51.152638555
3305.852008645,51.145730060
3306.566942038,51.138821565
3307.281875430,51.131913071
3307.996808823,51.125004576
3308.711742216,51.133719115
3309.426675609,51.142433653
3310.141609002,51.151148191
3310.856542395,51.159862730
3311.571475788,51.168577268
3312.286409181,51.177291807
3313.001342573,51.187028127
3313.716275966,51.188049910
3314.431209359,51.189071692
3315.146142752,51.190093474
3315.861076145,51.191115257
3316.576009538,51.192137039
3317.290942931,51.193158821
3318.005876324,51.177445999
3318.720809716,51.161733176
3319.435743109,51.146020353
3320.150676502,51.130307531
3320.865609895,51.114594708
3321.580543288,51.098881886
3322.295476681,51.083169063
3323.010410074,51.089975513
3323.725343467,51.096781964
3324.440276859,51.103588414
3325.155210252,51.110394864
3325.870143645,51.117201314
3326.585077038,51.124007765
3327.300010431,51.130814215
3328.014943824,51.154185497
3328.729877217,51.177556778
3329.444810609,51.200928059
3330.159744002,51.224299341
3330.874677395,51.247670622
3331.589610788,51.271041904
3332.304544181,51.294413185
3333.019477574,51.272779490
3333.734410967,51.251145795
3334.449344360,51.229512100
3335.164277752,51.207878406
3335.879211145,51.186244711
3336.594144538,51.164611016
3337.309077931,51.142977321
3338.024011324,51.161681732
3338.738944717,51.180386143
3339.453878110,51.199090553
3340.168811503,51.217794964
3340.883744895,51.236499375
3341.598678288,51.255203786
3342.313611681,51.273908197
3343.028545074,51.288215263
3343.743478467,51.302522330
3344.458411860,51.316829396
3345.173345253,51.331136463
3345.888278646,51.345443529
3346.603212038,51.359750596
3347.318145431,51.374057662
3348.033078824,51.367179082
3348.748012217,51.360300502
3349.462945610,51.353421922
3350.177879003,51.346543342
3350.892812396,51.339664762
3351.607745789,51.332786182
3352.322679181,51.325907602
3353.037612574,51.343040392
3353.752545967,51.360173182
3354.467479360,51.377305972
3355.182412753,51.394438762
3355.897346146,51.411571552
3356.612279539,51.428704341
3357.327212932,51.445837131
3358.042146324,51.467847248
3358.757079717,51.489857364
3359.472013110,51.511867480
3360.186946503,51.533877596
3360.901879896,51.555887712
3361.616813289,51.577897829
3362.331746682,51.599907945
3363.046680075,51.613621440
3363.761613467,51.627334934
3364.476546860,51.641048429
3365.191480253,51.654761924
3365.906413646,51.668475418
3366.621347039,51.682188913
3367.336280432,51.695902408
3368.051213825,51.735972433
3368.766147218,51.776042458
3369.481080610,51.816112483
3370.196014003,51.856182508
3370.910947396,51.896252533
3371.625880789,51.936322558
3372.340814182,51.976392583
3373.055747575,51.982957576
3373.770680968,51.989522569
3374.485614360,51.996087561
3375.200547753,52.001923110
3375.915481146,52.007029216
3376.630414539,52.012135321
3377.345347932,52.017241426
3378.060281325,52.065851717
3378.775214718,52.109355903
3379.490148111,52.152860089
3380.205081503,52.196364274
3380.920014896,52.239868460
3381.634948289,52.283372646
3382.349881682,52.326876831
3383.064815075,52.413145368
3383.779748468,52.499413904
3384.494681861,52.542178255
3385.209615254,52.584942606
3385.924548646,52.627706956
3386.639482039,52.670471307
3387.354415432,52.713235658
3388.069348825,52.769698370
3388.784282218,52.826161082
3389.499215611,52.839859443
3390.214149004,52.853557804
3390.929082397,52.867256165
3391.644015789,52.880954527
3392.358949182,52.894652888
3393.073882575,52.959568536
3393.788815968,53.024484183
3394.503749361,53.075701470
3395.218682754,53.126918756
3395.933616147,53.178136043
3396.648549540,53.229353329
3397.363482932,53.280570616
3398.078416325,53.371922076
3398.793349718,53.463273537
3399.508283111,53.503407710
3400.223216504,53.543541884
3400.938149897,53.583676058
3401.653083290,53.623810232
3402.368016683,53.663944406
3403.082950075,53.704078580
3403.797883468,53.822514484
3404.512816861,53.900816214
3405.227750254,53.979117944
3405.942683647,54.057419674
3406.657617040,54.135721404
3407.372550433,54.214023134
3408.087483826,54.292324863
3408.802417218,54.398144898
3409.517350611,54.503964933
3410.232284004,54.531483238
3410.947217397,54.559001543
3411.662150790,54.586519848
3412.377084183,54.614038153
3413.092017576,54.641556458
3413.806950969,54.751134794
3414.521884361,54.860713130
3415.236817754,54.942773161
3415.951751147,55.024833192
3416.666684540,55.106893223
3417.381617933,55.188953254
3418.096551326,55.271013285
3418.811484719,55.401617484
3419.526418111,55.532221682
3420.241351504,55.580765850
3420.956284897,55.629310017
3421.671218290,55.677854185
3422.386151683,55.726398352
3423.101085076,55.774942520
3423.816018469,55.823486687
3424.530951862,55.937106723
3425.245885254,56.002182591
3425.960818647,56.067258459
3426.675752040,56.132334327
3427.390685433,56.197410195
3428.105618826,56.262486063
3428.820552219,56.327561931
3429.535485612,56.446269269
3430.250419005,56.564976608
3430.965352397,56.618608079
3431.680285790,56.672239549
3432.395219183,56.725871020
3433.110152576,56.779502491
3433.825085969,56.833133962
3434.540019362,56.886765433
3435.254952755,57.023590544
3435.969886148,57.106784184
3436.684819540,57.189977824
3437.399752933,57.273171465
3438.114686326,57.356365105
3438.829619719,57.439558746
3439.544553112,57.522752386
3440.259486505,57.689061397
3440.974419898,57.855370409
3441.689353291,57.938485780
3442.404286683,58.021601151
3443.119220076,58.104716522
3443.834153469,58.187831893
3444.549086862,58.270947264
3445.264020255,58.426301076
3445.978953648,58.581654888
3446.693887041,58.653893330
3447.408820434,58.726131771
3448.123753826,58.798370212
3448.838687219,58.870608654
3449.553620612,58.942847095
3450.268554005,59.015085537
3450.983487398,59.159457701
3451.698420791,59.231591425
3452.413354184,59.303725148
3453.128287577,59.375858872
3453.843220969,59.447992595
3454.558154362,59.520126319
3455.273087755,59.592260042
3455.988021148,59.720948454
3456.702954541,59.849636866
3457.417887934,59.906191555
3458.132821327,59.962746244
3458.847754720,60.019300933
3459.562688112,60.075855622
3460.277621505,60.132410310
3460.992554898,60.188964999
3461.707488291,60.331045595
3462.422421684,60.416571502
3463.137355077,60.502097409
3463.852288470,60.587623316
3464.567221862,60.673149223
3465.282155255,60.758675130
3465.997088648,60.844201037
3466.712022041,60.998506341
3467.426955434,61.152811646
3468.141888827,61.221591043
3468.856822220,61.290370440
3469.571755613,61.359149838
3470.286689005,61.427929235
3471.001622398,61.496708633
3471.716555791,61.565488030
3472.431489184,61.737531898
3473.146422577,61.840796368
3473.861355970,61.944060838
3474.576289363,62.047325308
3475.291222756,62.150589777
3476.006156148,62.253854247
3476.721089541,62.357118717
3477.436022934,62.556444700
3478.150956327,62.755770682
3478.865889720,62.851832194
3479.580823113,62.947893707
3480.295756506,63.043955219
3481.010689899,63.140016731
3481.725623291,63.236078244
3482.440556684,63.332139756
3483.155490077,63.519589438
3483.870423470,63.610977607
3484.585356863,63.702365776
3485.300290256,63.793753946
3486.015223649,63.885142115
3486.730157042,63.976530284
3487.445090434,64.067918454
3488.160023827,64.159306623
3488.874957220,64.342444886
3489.589890613,64.434194980
3490.304824006,64.525945074
3491.019757399,64.617695168
3491.734690792,64.709445261
3492.449624185,64.801195355
3493.164557577,64.892945449
3493.879490970,65.105482622
3494.594424363,65.318019794
3495.309357756,65.438806873
3496.024291149,65.559593952
3496.739224542,65.680381030
3497.454157935,65.801168109
3498.169091328,65.921955188
3498.884024720,66.042742267
3499.598958113,66.219600226
3500.313891506,66.275671106
3501.028824899,66.331741987
3501.743758292,66.387812867
3502.458691685,66.443883748
3503.173625078,66.499954628
3503.888558471,66.556025509
3504.603491863,66.612096389
3505.318425256,66.765600638
3506.033358649,66.863034005
3506.748292042,66.960467373
3507.463225435,67.057900741
3508.178158828,67.155334109
3508.893092221,67.252767477
3509.608025613,67.350200844
3510.322959006,67.545650245
3511.037892399,67.741099645
3511.752825792,67.839115678
3512.467759185,67.937131710
3513.182692578,68.035147743
3513.897625971,68.133163776
3514.612559364,68.231179808
3515.327492756,68.329195841
3516.042426149,68.494373765
3516.757359542,68.561535657
3517.472292935,68.628697549
3518.187226328,68.695859441
3518.902159721,68.763021333
3519.617093114,68.830183224
3520.332026507,68.897345116
3521.046959899,68.964507008
3521.761893292,69.096546043
3522.476826685,69.161423186
3523.191760078,69.226300330
3523.906693471,69.291177473
3524.621626864,69.356054616
3525.336560257,69.420931759
3526.051493650,69.485808902
3526.766427042,69.550686046
3527.481360435,69.697337710
3528.196293828,69.779112231
3528.911227221,69.860886752
3529.626160614,69.942661273
3530.341094007,70.024435794
3531.056027400,70.106210316
3531.770960793,70.187984837
3532.485894185,70.357029414
3533.200827578,70.526073990
3533.915760971,70.613344046
3534.630694364,70.700614102
3535.345627757,70.787884158
3536.060561150,70.875154214
3536.775494543,70.962424269
3537.490427936,71.049694325
3538.205361328,71.214120772
3538.920294721,71.291277163
3539.635228114,71.368433554
3540.350161507,71.445589945
3541.065094900,71.522746336
3541.780028293,71.599902727
3542.494961686,71.677059119
3543.209895079,71.754215510
3543.924828471,71.919317676
3544.639761864,72.007263451
3545.354695257,72.095209226
3546.069628650,72.183155002
3546.784562043,72.271100777
3547.499495436,72.359046552
3548.214428829,72.446992327
3548.929362222,72.534938103
3549.644295614,72.740541453
3550.359229007,72.858199029
3551.074162400,72.975856604
3551.789095793,73.093514180
3552.504029186,73.211171755
3553.218962579,73.328829331
3553.933895972,73.446486906
3554.648829364,73.564144481
3555.363762757,73.814789149
3556.078696150,73.947776241
3556.793629543,74.080763333
3557.508562936,74.213750425
3558.223496329,74.346737517
3558.938429722,74.479724610
3559.653363115,74.612711702
3560.368296507,74.745698794
3561.083229900,74.963989334
3561.798163293,75.049292782
3562.513096686,75.134596230
3563.228030079,75.219899679
3563.942963472,75.305203127
3564.657896865,75.390506575
3565.372830258,75.475810023
3566.087763650,75.561113471
3566.802697043,75.740121176
3567.517630436,75.833825432
3568.232563829,75.927529689
3568.947497222,76.021233945
3569.662430615,76.114938201
3570.377364008,76.208642457
3571.092297401,76.302346714
3571.807230793,76.396050970
3572.522164186,76.580975931
3573.237097579,76.672196636
3573.952030972,76.763417340
3574.666964365,76.854638045
3575.381897758,76.945858750
3576.096831151,77.037079455
3576.811764544,77.128300159
3577.526697936,77.219520864
3578.241631329,77.448142927
3578.956564722,77.585544285
3579.671498115,77.722945642
3580.386431508,77.860347000
3581.101364901,77.997748358
3581.816298294,78.135149716
3582.531231687,78.272551074
3583.246165079,78.409952432
3583.961098472,78.625560544
3584.676031865,78.703767298
3585.390965258,78.781974052
3586.105898651,78.860180807
3586.820832044,78.938387561
3587.535765437,79.016594315
3588.250698830,79.094801069
3588.965632222,79.173007823
3589.680565615,79.351533891
3590.395499008,79.451853205
3591.110432401,79.552172519
3591.825365794,79.652491833
3592.540299187,79.752811147
3593.255232580,79.853130461
3593.970165973,79.953449775
3594.685099365,80.053769089
3595.400032758,80.260475185
3596.114966151,80.366861967
3596.829899544,80.473248749
3597.544832937,80.579635531
3598.259766330,80.686022313
3598.974699723,80.792409095
3599.689633115,80.898795877
3600.404566508,81.005182659
3601.119499901,81.223474890
3601.834433294,81.335380339
3602.549366687,81.447285787
3603.264300080,81.559191236
3603.979233473,81.671096685
3604.694166866,81.783002134
3605.409100258,81.894907583
3606.124033651,82.006813031
3606.838967044,82.203667845
3607.553900437,82.288617210
3608.268833830,82.373566575
3608.983767223,82.458515940
3609.698700616,82.543465305
3610.413634009,82.628414671
3611.128567401,82.713364036
3611.843500794,82.798313401
3612.558434187,82.908278784
3613.273367580,82.933294803
3613.988300973,82.958310821
3614.703234366,82.983326839
3615.418167759,83.008342858
3616.133101152,83.033358876
3616.848034544,83.058374895
3617.562967937,83.083390913
3618.277901330,83.270060933
3618.992834723,83.431714935
3619.707768116,83.593368937
3620.422701509,83.755022939
3621.137634902,83.916676941
3621.852568295,84.078330943
3622.567501687,84.239984945
3623.282435080,84.401638947
3623.997368473,84.563292949
3624.712301866,84.521280544
3625.427235259,84.479268138
3626.142168652,84.437255733
3626.857102045,84.395243327
3627.572035438,84.353230921
3628.286968830,84.311218516
3629.001902223,84.269206110
3629.716835616,84.227193705
3630.431769009,84.453984732
3631.146702402,84.722788164
3631.861635795,84.991591597
3632.576569188,85.260395029
3633.291502581,85.529198462
3634.006435973,85.798001894
3634.721369366,86.066805327
3635.436302759,86.335608759
3636.151236152,86.692155321
3636.866169545,86.779898451
3637.581102938,86.867641581
3638.296036331,86.955384710
3639.010969723,87.043127840
3639.725903116,87.130870969
3640.440836509,87.218614099
3641.155769902,87.306357228
3641.870703295,87.421453479
3642.585636688,87.448806599
3643.300570081,87.476159720
3644.015503474,87.503512840
3644.730436866,87.530865961
3645.445370259,87.558219082
3646.160303652,87.585572202
3646.875237045,87.612925323
3647.590170438,87.640278443
3648.305103831,87.768938742
3649.020037224,87.897599041
3649.734970617,88.026259340
3650.449904009,88.154919639
3651.164837402,88.283579938
3651.879770795,88.412240236
3652.594704188,88.540900535
3653.309637581,88.669560834
3654.024570974,88.918569710
3654.739504367,89.038918287
3655.454437760,89.159266863
3656.169371152,89.279615440
3656.884304545,89.399964017
3657.599237938,89.520312594
3658.314171331,89.640661171
3659.029104724,89.761009747
3659.744038117,89.881358324
3660.458971510,89.987837641
3661.173904903,90.094316959
3661.888838295,90.200796276
3662.603771688,90.307275593
3663.318705081,90.413754910
3664.033638474,90.520234228
3664.748571867,90.626713545
3665.463505260,90.733192862
3666.178438653,90.819108974
3666.893372046,90.798545769
3667.608305438,90.777982564
3668.323238831,90.757419360
3669.038172224,90.736856155
3669.753105617,90.716292950
3670.468039010,90.695729745
3671.182972403,90.675166540
3671.897905796,90.756114723
3672.612839189,90.857626112
3673.327772581,90.959137500
3674.042705974,91.060648889
3674.757639367,91.162160277
3675.472572760,91.263671666
3676.187506153,91.365183054
3676.902439546,91.466694443
3677.617372939,91.568205831
3678.332306332,91.743632481
3679.047239724,91.919059131
3679.762173117,92.094485781
3680.477106510,92.269912431
3681.192039903,92.445339081
3681.906973296,92.620765730
3682.621906689,92.796192380
3683.336840082,92.971619030
3684.051773474,93.028344326
3684.766706867,92.909642972
3685.481640260,92.790941618
3686.196573653,92.672240264
3686.911507046,92.553538910
3687.626440439,92.434837556
3688.341373832,92.316136202
3689.056307225,92.197434848
3689.771240617,92.078733494
3690.486174010,92.279760619
3691.201107403,92.480787745
3691.916040796,92.681814870
3692.630974189,92.882841996
3693.345907582,93.083869121
3694.060840975,93.284896247
3694.775774368,93.485923372
3695.490707760,93.686950498
3696.205641153,93.923718140
3696.920574546,93.959458656
3697.635507939,93.995199173
3698.350441332,94.030939689
3699.065374725,94.066680206
3699.780308118,94.102420722
3700.495241511,94.138161239
3701.210174903,94.173901755
3701.925108296,94.209642272
3702.640041689,94.265516591
3703.354975082,94.321390910
3704.069908475,94.377265229
3704.784841868,94.433139548
3705.499775261,94.489013867
3706.214708654,94.544888186
3706.929642046,94.600762505
3707.644575439,94.656636824
3708.359508832,94.712511143
3709.074442225,94.628079646
3709.789375618,94.543648148
3710.504309011,94.459216651
3711.219242404,94.374785153
3711.934175797,94.290353656
3712.649109189,94.205922158
3713.364042582,94.121490660
3714.078975975,94.037059163
3714.793909368,94.007442392
3715.508842761,94.062257118
3716.223776154,94.117071844
3716.938709547,94.171886570
3717.653642940,94.226701296
3718.368576332,94.281516023
3719.083509725,94.336330749
3719.798443118,94.391145475
3720.513376511,94.445960201
3721.228309904,94.514611411
3721.943243297,94.583262620
3722.658176690,94.651913830
3723.373110083,94.720565040
3724.088043475,94.789216249
3724.802976868,94.857867459
3725.517910261,94.926518668
3726.232843654,94.995169878
3726.947777047,95.063821087
3727.662710440,94.993108830
3728.377643833,94.922396572
3729.092577225,94.851684314
3729.807510618,94.780972057
3730.522444011,94.710259799
3731.237377404,94.639547541
3731.952310797,94.568835284
3732.667244190,94.498123026
3733.382177583,94.450243427
3734.097110976,94.473076086
3734.812044368,94.495908745
3735.526977761,94.518741404
3736.241911154,94.541574063
3736.956844547,94.564406722
3737.671777940,94.587239381
3738.386711333,94.610072040
3739.101644726,94.632904699
3739.816578119,94.337214852
3740.531511511,94.041525004
3741.246444904,93.745835156
3741.961378297,93.450145309
3742.676311690,93.154455461
3743.391245083,92.858765614
3744.106178476,92.563075766
3744.821111869,92.267385918
3745.536045262,91.971696071
3746.250978654,92.386086169
3746.965912047,92.800476267
3747.680845440,93.214866365
3748.395778833,93.629256464
3749.110712226,94.043646562
3749.825645619,94.458036660
3750.540579012,94.872426758
3751.255512405,95.286816857
3751.970445797,95.701206955
3752.685379190,95.583887415
3753.400312583,95.466567876
3754.115245976,95.349248336
3754.830179369,95.231928797
3755.545112762,95.114609258
3756.260046155,94.997289718
3756.974979548,94.879970179
3757.689912940,94.762650639
3758.404846333,94.704603340
3759.119779726,94.763875581
3759.834713119,94.823147821
3760.549646512,94.882420062
3761.264579905,94.941692302
3761.979513298,95.000964542
3762.694446691,95.060236783
3763.409380083,95.119509023
3764.124313476,95.178781264
3764.839246869,95.112164319
3765.554180262,95.045547374
3766.269113655,94.978930429
3766.984047048,94.912313484
3767.698980441,94.845696540
3768.413913834,94.779079595
3769.128847226,94.712462650
3769.843780619,94.645845705
3770.558714012,94.579228761
3771.273647405,94.656046452
3771.988580798,94.732864144
3772.703514191,94.809681835
3773.418447584,94.886499527
3774.133380976,94.963317218
3774.848314369,95.040134910
3775.563247762,95.116952601
3776.278181155,95.193770293
3776.993114548,95.270587985
3777.708047941,95.253797134
3778.422981334,95.237006284
3779.137914727,95.220215434
3779.852848119,95.203424583
3780.567781512,95.186633733
3781.282714905,95.169842883
3781.997648298,95.153052032
3782.712581691,95.136261182
3783.427515084,95.119470332
3784.142448477,95.122406830
3784.857381870,95.125343327
3785.572315262,95.128279825
3786.287248655,95.131216323
3787.002182048,95.134152820
3787.717115441,95.137089318
3788.432048834,95.140025816
3789.146982227,95.142962314
3789.861915620,95.145898811
3790.576849013,95.176119010
3791.291782405,95.206339209
3792.006715798,95.236559408
3792.721649191,95.266779606
3793.436582584,95.296999805
3794.151515977,95.327220004
3794.866449370,95.357440202
3795.581382763,95.387660401
3796.296316156,95.417880600
3797.011249548,95.264472189
3797.726182941,95.111063778
3798.441116334,94.957655368
3799.156049727,94.804246957
3799.870983120,94.650838546
3800.585916513,94.497430135
3801.300849906,94.344021724
3802.015783299,94.190613313
3802.730716691,94.037204903
3803.445650084,94.125794952
3804.160583477,94.214385001
3804.875516870,94.302975050
3805.590450263,94.391565100
3806.305383656,94.480155149
3807.020317049,94.568745198
3807.735250442,94.657335247
3808.450183834,94.745925297
3809.165117227,94.834515346
3809.880050620,94.961302895
3810.594984013,95.088090444
3811.309917406,95.214877993
3812.024850799,95.341665542
3812.739784192,95.468453090
3813.454717585,95.595240639
3814.169650977,95.722028188
3814.884584370,95.848815737
3815.599517763,95.975603286
3816.314451156,95.804942408
3817.029384549,95.634281530
3817.744317942,95.463620652
3818.459251335,95.292959774
3819.174184727,95.122298896
3819.889118120,94.951638018
3820.604051513,94.780977139
3821.318984906,94.610316261
3822.033918299,94.439655383
3822.748851692,94.494225725
3823.463785085,94.548796067
3824.178718478,94.603366409
3824.893651870,94.657936751
3825.608585263,94.707546153
3826.323518656,94.752194614
3827.038452049,94.796843076
3827.753385442,94.841491538
3828.468318835,94.886139999
3829.183252228,94.939145945
3829.898185621,94.947503429
3830.613119013,94.955860913
3831.328052406,94.964218397
3832.042985799,94.972575881
3832.757919192,94.980933365
3833.472852585,94.989290849
3834.187785978,94.997648333
3834.902719371,95.006005817
3835.617652764,94.985036570
3836.332586156,94.964067323
3837.047519549,94.934740591
3837.762452942,94.905413860
3838.477386335,94.876087129
3839.192319728,94.846760397
3839.907253121,94.817433666
3840.622186514,94.788106935
3841.337119907,94.758780204
3842.052053299,94.771982832
3842.766986692,94.785185461
3843.481920085,94.827714820
3844.196853478,94.870244180
3844.911786871,94.912773540
3845.626720264,94.955302900
3846.341653657,94.997832260
3847.056587050,95.040361620
3847.771520442,95.082890979
3848.486453835,94.918145748
3849.201387228,94.753400517
3849.916320621,94.546125925
3850.631254014,94.338851334
3851.346187407,94.131576743
3852.061120800,93.924302152
3852.776054193,93.717027561
3853.490987585,93.509752969
3854.205920978,93.302478378
3854.920854371,93.095203787
3855.635787764,93.108354063
3856.350721157,93.328778929
3857.065654550,93.549203796
3857.780587943,93.769628663
3858.495521336,93.990053530
3859.210454728,94.210478397
3859.925388121,94.430903264
3860.640321514,94.651328130
3861.355254907,94.871752997
3862.070188300,95.106936769
3862.785121693,95.342120541
3863.500055086,95.356879446
3864.214988478,95.371638351
3864.929921871,95.386397255
3865.644855264,95.401156160
3866.359788657,95.415915065
3867.074722050,95.430673970
3867.789655443,95.445432875
3868.504588836,95.381721342
3869.219522229,95.318009809
3869.934455621,95.239539371
3870.649389014,95.161068933
3871.364322407,95.082598495
3872.079255800,95.004128057
3872.794189193,94.925657618
3873.509122586,94.847187180
3874.224055979,94.768716742
3874.938989372,94.690246304
3875.653922764,94.596467747
3876.368856157,94.581159628
3877.083789550,94.565851510
3877.798722943,94.550543391
3878.513656336,94.535235272
3879.228589729,94.519927153
3879.943523122,94.504619034
3880.658456515,94.489310916
3881.373389907,94.474002797
3882.088323300,94.527787732
3882.803256693,94.581572668
3883.518190086,94.650665722
3884.233123479,94.719758777
3884.948056872,94.788851831
3885.662990265,94.857944885
3886.377923658,94.927037940
3887.092857050,94.996130994
3887.807790443,95.065224049
3888.522723836,95.134317103
3889.237657229,95.208902132
3889.952590622,95.214394106
3890.667524015,95.219886081
3891.382457408,95.225378055
3892.097390801,95.230870030
3892.812324193,95.236362004
3893.527257586,95.241853979
3894.242190979,95.247345954
3894.957124372,95.252837928
3895.672057765,95.255630484
3896.386991158,95.258423040
3897.101924551,95.255723622
3897.816857944,95.253024203
3898.531791336,95.250324784
3899.246724729,95.247625366
3899.961658122,95.244925947
3900.676591515,95.242226529
3901.391524908,95.239527110
3902.106458301,95.236827692
3902.821391694,95.240063692
3903.536325087,95.245999112
3904.251258479,95.251934531
3904.966191872,95.257869950
3905.681125265,95.263805369
3906.396058658,95.269740789
3907.110992051,95.275676208
3907.825925444,95.281611627
3908.540858837,95.287547046
3909.255792229,95.291505163
3909.970725622,95.295463280
3910.685659015,95.293485978
3911.400592408,95.291508676
3912.115525801,95.289531373
3912.830459194,95.287554071
3913.545392587,95.285576769
3914.260325980,95.283599467
3914.975259372,95.281622165
3915.690192765,95.279644862
3916.405126158,95.284932464
3917.120059551,95.292197368
3917.834992944,95.299462272
3918.549926337,95.306727176
3919.264859730,95.313992080
3919.979793123,95.321256985
3920.694726515,95.328521889
3921.409659908,95.335786793
3922.124593301,95.343051697
3922.839526694,95.318693862
3923.554460087,95.294336026
3924.269393480,95.262713287
3924.984326873,95.231090548
3925.699260266,95.199467809
3926.414193658,95.167845069
3927.129127051,95.136222330
3927.844060444,95.104599591
3928.558993837,95.072976851
3929.273927230,95.041354112
3929.988860623,95.017158045
3930.703794016,95.024584717
3931.418727409,95.032011389
3932.133660801,95.039438062
3932.848594194,95.046864734
3933.563527587,95.054291406
3934.278460980,95.061718078
3934.993394373,95.069144750
3935.708327766,95.076571422
3936.423261159,95.083998095
3937.138194552,95.054686308
3937.853127944,95.017947849
3938.568061337,94.981209390
3939.282994730,94.944470932
3939.997928123,94.907732473
3940.712861516,94.870994014
3941.427794909,94.834255555
3942.142728302,94.797517097
3942.857661695,94.760778638
3943.572595087,94.739953947
3944.287528480,94.719129256
3945.002461873,94.735043023
3945.717395266,94.750956791
3946.432328659,94.766870559
3947.147262052,94.782784326
3947.862195445,94.798698094
3948.577128838,94.814611862
3949.292062230,94.830525629
3950.006995623,94.846439397
3950.721929016,94.875094273
3951.436862409,94.887835382
3952.151795802,94.900576491
3952.866729195,94.913317600
3953.581662588,94.926058708
3954.296595980,94.938799817
3955.011529373,94.951540926
3955.726462766,94.964282035
3956.441396159,94.977023144
3957.156329552,94.989764252
3957.871262945,95.029166298
3958.586196338,95.055827234
3959.301129731,95.082488171
3960.016063123,95.109149107
3960.730996516,95.135810044
3961.445929909,95.162470980
3962.160863302,95.189131916
3962.875796695,95.215792853
3963.590730088,95.242453789
3964.305663481,95.269114726
3965.020596874,95.287323226
3965.735530266,95.278870790
3966.450463659,95.270418354
3967.165397052,95.261965918
3967.880330445,95.253513482
3968.595263838,95.245061046
3969.310197231,95.236608610
3970.025130624,95.228156174
3970.740064017,95.219703737
3971.454997409,95.211251301
3972.169930802,95.186532902
3972.884864195,95.170266938
3973.599797588,95.154000974
3974.314730981,95.137735011
3975.029664374,95.121469047
3975.744597767,95.105203083
3976.459531160,95.088937120
3977.174464552,95.072671156
3977.889397945,95.056405192
3978.604331338,95.040139229
3979.319264731,95.032833052
3980.034198124,95.041792840
3980.749131517,95.050752627
3981.464064910,95.059712414
3982.178998303,95.068672202
3982.893931695,95.077631989
3983.608865088,95.086591776
3984.323798481,95.095551563
3985.038731874,95.104511351
3985.753665267,95.113471138
3986.468598660,95.129693921
3987.183532053,95.136956917
3987.898465446,95.144219913
3988.613398838,95.151482908
3989.328332231,95.158745904
3990.043265624,95.166008900
3990.758199017,95.173271896
3991.473132410,95.180534891
3992.188065803,95.187797887
3992.902999196,95.184558044
3993.617932589,95.181318200
3994.332865981,95.170815361
3995.047799374,95.160312522
3995.762732767,95.149809683
3996.477666160,95.139306844
3997.192599553,95.133005141
3997.907532946,95.125303059
3998.622466339,95.115675456
3999.337399731,95.103297110
4000.052333124,95.086792649